Time - V_0	Amplitude - V_0	Time - V_L	Amplitude - V_L	Time - V_C	Amplitude - V_C	Time - V_R	Amplitude - V_R
0	2,25793	0	4,5346	0	-2,44062	0	0,879388
6,65E-06	2,46449	6,65E-06	3,52887	6,65E-06	-2,34008	6,65E-06	1,66179
1,33E-05	2,44999	1,33E-05	2,69167	1,33E-05	-2,17993	1,33E-05	2,24956
2,00E-05	2,43903	2,00E-05	1,97952	2,00E-05	-1,97692	2,00E-05	2,68394
2,66E-05	2,43227	2,66E-05	1,37564	2,66E-05	-1,7433	2,66E-05	2,99104
3,33E-05	2,42453	3,33E-05	0,869721	3,33E-05	-1,48938	3,33E-05	3,19115
3,99E-05	2,42067	3,99E-05	0,450166	3,99E-05	-1,22418	3,99E-05	3,2991
4,66E-05	2,41841	4,66E-05	0,113427	4,66E-05	-0,953178	4,66E-05	3,3294
5,32E-05	2,4197	5,32E-05	-0,155642	5,32E-05	-0,6825	5,32E-05	3,29491
5,99E-05	2,42131	5,99E-05	-0,355429	5,99E-05	-0,417299	5,99E-05	3,20501
6,65E-05	2,42518	6,65E-05	-0,500113	6,65E-05	-0,160153	6,65E-05	3,0745
7,32E-05	2,42743	7,32E-05	-0,596462	7,32E-05	0,0834585	7,32E-05	2,91821
7,98E-05	2,4342	7,98E-05	-0,660265	7,98E-05	0,314181	7,98E-05	2,74645
8,65E-05	2,44065	8,65E-05	-0,698289	8,65E-05	0,530725	8,65E-05	2,56664
9,31E-05	2,44548	9,31E-05	-0,714723	9,31E-05	0,731802	9,31E-05	2,38458
9,98E-05	2,45128	9,98E-05	-0,713434	9,98E-05	0,916768	9,98E-05	2,20412
0,000106	2,45418	0,000106	-0,704089	0,000106	1,08723	0,000106	2,02689
0,000113	2,45966	0,000113	-0,685077	0,000113	1,24255	0,000113	1,85674
0,00012	2,46771	0,00012	-0,660587	0,00012	1,38434	0,00012	1,69433
0,000126	2,47255	0,000126	-0,629975	0,000126	1,51323	0,000126	1,5403
0,000133	2,47513	0,000133	-0,592918	0,000133	1,63021	0,000133	1,39529
0,00014	2,47835	0,00014	-0,557149	0,00014	1,73461	0,00014	1,26028
0,000146	2,48318	0,000146	-0,517836	0,000146	1,82806	0,000146	1,13428
0,000153	2,48802	0,000153	-0,480457	0,000153	1,91281	0,000153	1,01795
0,00016	2,49188	0,00016	-0,440822	0,00016	1,98725	0,00016	0,910001
0,000166	2,49543	0,000166	-0,404731	0,000166	2,05395	0,000166	0,810429
0,000173	2,49704	0,000173	-0,367996	0,000173	2,11293	0,000173	0,720846
0,00018	2,49897	0,00018	-0,330939	0,00018	2,16416	0,00018	0,638353
0,000186	2,50284	0,000186	-0,300004	0,000186	2,21024	0,000186	0,563594
0,000193	2,50348	0,000193	-0,267136	0,000193	2,24923	0,000193	0,496568
0,000199	2,50574	0,000199	-0,235235	0,000199	2,28436	0,000199	0,43502
0,000206	2,50928	0,000206	-0,209133	0,000206	2,314	0,000206	0,380884
0,000213	2,51025	0,000213	-0,181421	0,000213	2,33978	0,000213	0,331904
0,000219	2,51089	0,000219	-0,155642	0,000219	2,36137	0,000219	0,289369
0,000226	2,51315	0,000226	-0,133407	0,000226	2,38006	0,000226	0,2507
0,000233	2,51089	0,000233	-0,112784	0,000233	2,39521	0,000233	0,217832
0,000239	2,51412	0,000239	-0,0950612	0,000239	2,40874	0,000239	0,189153
0,000246	2,51605	0,000246	-0,0766937	0,000246	2,4197	0,000246	0,161762
0,000253	2,51637	0,000253	-0,0644486	0,000253	2,42905	0,000253	0,140172
0,000259	2,51766	0,000259	-0,0502702	0,000259	2,43646	0,000259	0,12116
0,000266	2,51573	0,000266	-0,0389918	0,000266	2,44193	0,000266	0,105371
0,000273	2,51798	0,000273	-0,0267468	0,000273	2,44645	0,000273	0,0918367
0,000279	2,51831	0,000279	-0,0193353	0,000279	2,45064	0,000279	0,0808806
0,000286	2,51702	0,000286	-0,00934597	0,000286	2,45354	0,000286	0,0708912
0,000293	2,52024	0,000293	-0,00515688	0,000293	2,45579	0,000293	0,0618686
0,000299	2,52024	0,000299	0,00161011	0,000299	2,4574	0,000299	0,0554238
0,000306	2,51895	0,000306	0,00741039	0,000306	2,45772	0,000306	0,0496235
0,000313	2,5196	0,000313	0,010955	0,000313	2,45901	0,000313	0,0454345
0,000319	2,5196	0,000319	0,0151441	0,000319	2,45901	0,000319	0,0418898
0,000326	2,5196	0,000326	0,0157886	0,000326	2,45901	0,000326	0,0393119
0,000332	2,52088	0,000332	0,0199777	0,000332	2,45966	0,000332	0,0370563
0,000339	2,51927	0,000339	0,0232	0,000339	2,45934	0,000339	0,0354451
0,000346	2,52088	0,000346	0,0267447	0,000346	2,45901	0,000346	0,0338339
0,000352	2,51831	0,000352	0,0257779	0,000352	2,45901	0,000352	0,0328672
0,000359	2,51992	0,000359	0,0267447	0,000359	2,45837	0,000359	0,0328672
0,000366	2,52121	0,000366	0,0257779	0,000366	2,45837	0,000366	0,0331894
0,000372	2,51798	0,000372	0,0290003	0,000372	2,45772	0,000372	0,0325449
0,000379	2,52056	0,000379	0,0277114	0,000379	2,45772	0,000379	0,031256
0,000386	2,52153	0,000386	0,0309337	0,000386	2,45772	0,000386	0,0319005
0,000392	2,52024	0,000392	0,0286781	0,000392	2,45708	0,000392	0,0319005
0,000399	2,51863	0,000399	0,0293226	0,000399	2,45644	0,000399	0,0325449
0,000406	2,52056	0,000406	0,029967	0,000406	2,45579	0,000406	0,0328672
0,000412	2,52185	0,000412	0,0283558	0,000412	2,45579	0,000412	0,0335117
0,000419	2,52217	0,000419	0,0302893	0,000419	2,45579	0,000419	0,0335117
0,000426	2,52056	0,000426	0,0290003	0,000426	2,45611	0,000426	0,0328672
0,000432	2,52217	0,000432	0,0315782	0,000432	2,45579	0,000432	0,0338339
0,000439	2,51863	0,000439	0,0293226	0,000439	2,45579	0,000439	0,0338339
0,000446	2,51992	0,000446	0,0286781	0,000446	2,45579	0,000446	0,0338339
0,000452	2,52088	0,000452	0,0293226	0,000452	2,45515	0,000452	0,0341561
0,000459	2,52056	0,000459	0,0306115	0,000459	2,45547	0,000459	0,0341561
0,000465	2,5196	0,000465	0,0293226	0,000465	2,45515	0,000465	0,0351228
0,000472	2,51895	0,000472	0,0325449	0,000472	2,45547	0,000472	0,0338339
0,000479	2,51895	0,000479	0,0306115	0,000479	2,45515	0,000479	0,0341561
0,000485	2,52121	0,000485	0,0296448	0,000485	2,45515	0,000485	0,0344784
0,000492	2,52121	0,000492	0,0277114	0,000492	2,45579	0,000492	0,0344784
0,000499	2,52056	0,000499	0,0296448	0,000499	2,45515	0,000499	0,0341561
0,000505	2,52185	0,000505	0,0296448	0,000505	2,45579	0,000505	0,0344784
0,000512	2,51927	0,000512	0,0286781	0,000512	2,45547	0,000512	0,0344784
0,000519	2,51992	0,000519	0,0319005	0,000519	2,45547	0,000519	0,0331894
0,000525	2,52217	0,000525	0,0283558	0,000525	2,45482	0,000525	0,0344784
0,000532	2,52024	0,000532	0,0296448	0,000532	2,45482	0,000532	0,0341561
0,000539	2,52217	0,000539	0,0309337	0,000539	2,45547	0,000539	0,0344784
0,000545	2,51992	0,000545	0,0286781	0,000545	2,45547	0,000545	0,0348006
0,000552	2,52217	0,000552	0,0293226	0,000552	2,45579	0,000552	0,0341561
0,000559	2,52185	0,000559	0,029967	0,000559	2,45579	0,000559	0,0335117
0,000565	2,52378	0,000565	0,0302893	0,000565	2,45547	0,000565	0,0344784
0,000572	2,52314	0,000572	0,0302893	0,000572	2,45515	0,000572	0,0344784
0,000579	2,52314	0,000579	0,0280336	0,000579	2,45579	0,000579	0,0354451
0,000585	2,52185	0,000585	0,0322227	0,000585	2,45579	0,000585	0,0341561
0,000592	2,52185	0,000592	0,0277114	0,000592	2,45611	0,000592	0,0341561
0,000598	2,52314	0,000598	0,0309337	0,000598	2,45611	0,000598	0,0344784
0,000605	2,52217	0,000605	0,029967	0,000605	2,45611	0,000605	0,0344784
0,000612	2,52411	0,000612	0,0309337	0,000612	2,45579	0,000612	0,0348006
0,000618	2,52217	0,000618	0,0306115	0,000618	2,45611	0,000618	0,0344784
0,000625	2,5196	0,000625	0,0277114	0,000625	2,45579	0,000625	0,0344784
0,000632	2,52217	0,000632	0,029967	0,000632	2,45611	0,000632	0,0341561
0,000638	2,52056	0,000638	0,0325449	0,000638	2,45644	0,000638	0,0341561
0,000645	2,52121	0,000645	0,0286781	0,000645	2,45644	0,000645	0,0341561
0,000652	2,52088	0,000652	0,029967	0,000652	2,45676	0,000652	0,0341561
0,000658	2,52153	0,000658	0,0306115	0,000658	2,45611	0,000658	0,0341561
