0	2.32961	0	2.61212	0	-1.74304	0	3.38846
0.0001	2.45492	0.0001	-0.367563	0.0001	0.824306	0.0001	1.7646
0.0002	2.48842	0.0002	-0.189427	0.0002	1.98139	0.0002	0.56886
0.0003	2.50066	0.0003	-0.0702401	0.0003	2.44461	0.0003	0.0653752
0.0004	2.50582	0.0004	-0.034484	0.0004	2.63145	0.0004	-0.122747
0.0005	2.51033	0.0005	-0.0180556	0.0005	2.70812	0.0005	-0.215841
0.0006	2.51258	0.0006	-0.0225653	0.0006	2.74065	0.0006	-0.23839
0.0007	2.50936	0.0007	-0.0161228	0.0007	2.75418	0.0007	-0.25353
0.0008	2.51001	0.0008	-0.0212768	0.0008	2.76127	0.0008	-0.268992
0.0009	2.51162	0.0009	-0.00806964	0.0009	2.76384	0.0009	-0.259006
0.001	2.51162	0.001	-0.0174113	0.001	2.7661	0.001	-0.26867
0.0011	2.51323	0.0011	-1.65E-05	0.0011	2.76739	0.0011	-0.263194
0.0012	2.51194	0.0012	-0.0251424	0.0012	2.76771	0.0012	-0.277367
0.0013	2.51194	0.0013	-0.0119352	0.0013	2.76835	0.0013	-0.278012
0.0014	2.51162	0.0014	-0.0177334	0.0014	2.76803	0.0014	-0.262227
0.0015	2.51162	0.0015	-0.0125794	0.0015	2.76868	0.0015	-0.273824
0.0016	2.51323	0.0016	-0.026753	0.0016	2.76997	0.0016	-0.263194
0.0017	2.5129	0.0017	-0.0177334	0.0017	2.77061	0.0017	-0.272213
0.0018	2.51162	0.0018	-0.00549263	0.0018	2.76964	0.0018	-0.267704
0.0019	2.51323	0.0019	-0.00227136	0.0019	2.76964	0.0019	-0.266737
0.002	2.51548	0.002	-0.0174113	0.002	2.77029	0.002	-0.261905
0.0021	2.51355	0.0021	-0.00291562	0.0021	2.77093	0.0021	-0.268026
0.0022	2.51323	0.0022	0.000627777	0.0022	2.77061	0.0022	-0.263838
0.0023	2.51452	0.0023	-0.00291562	0.0023	2.76964	0.0023	-0.267381
0.0024	2.51323	0.0024	-0.0196662	0.0024	2.77158	0.0024	-0.277045
0.0025	2.51419	0.0025	-0.0264309	0.0025	2.77158	0.0025	-0.278012
0.0026	2.51355	0.0026	-0.0167671	0.0026	2.77093	0.0026	-0.268026
0.0027	2.51226	0.0027	-0.0238538	0.0027	2.77125	0.0027	-0.261261
0.0028	2.51323	0.0028	-0.0183777	0.0028	2.77125	0.0028	-0.268026
0.0029	2.51548	0.0029	-0.0186998	0.0029	2.77158	0.0029	-0.26416
0.003	2.51194	0.003	-0.00323774	0.003	2.77158	0.003	-0.285743
0.0031	2.51484	0.0031	-0.00484838	0.0031	2.77125	0.0031	-0.286387
0.0032	2.51484	0.0032	-0.0151564	0.0032	2.77158	0.0032	-0.266737
0.0033	2.51419	0.0033	-0.00710326	0.0033	2.7719	0.0033	-0.268348
0.0034	2.51484	0.0034	-0.00645901	0.0034	2.77093	0.0034	-0.26867
0.0035	2.51548	0.0035	-0.00839177	0.0035	2.77158	0.0035	-0.269636
0.0036	2.51258	0.0036	-0.0161228	0.0036	2.7719	0.0036	-0.261261
0.0037	2.51452	0.0037	-0.0183777	0.0037	2.77158	0.0037	-0.260295
0.0038	2.51516	0.0038	0.00256054	0.0038	2.77029	0.0038	-0.268026
0.0039	2.51387	0.0039	-0.0196662	0.0039	2.77125	0.0039	-0.266415
0.004	2.51355	0.004	-0.0170892	0.004	2.7719	0.004	-0.268992
0.0041	2.51387	0.0041	-0.0177334	0.0041	2.77158	0.0041	-0.268348
0.0042	2.51323	0.0042	-0.00935815	0.0042	2.77158	0.0042	-0.280267
0.0043	2.51484	0.0043	-0.00903602	0.0043	2.7719	0.0043	-0.281877
0.0044	2.51226	0.0044	-0.000982856	0.0044	2.77093	0.0044	-0.26867
0.0045	2.51484	0.0045	-0.0112909	0.0045	2.77125	0.0045	-0.286387
0.0046	2.51548	0.0046	-0.00645901	0.0046	2.77125	0.0046	-0.269958
0.0047	2.5129	0.0047	-0.0161228	0.0047	2.77158	0.0047	-0.284454
0.0048	2.51452	0.0048	-0.00581475	0.0048	2.7719	0.0048	-0.268026
0.0049	2.51645	0.0049	-0.0170892	0.0049	2.77093	0.0049	-0.266415
0.005	2.51258	0.005	-0.00420412	0.005	2.7719	0.005	-0.286709
0.0051	2.51548	0.0051	-0.0167671	0.0051	2.7719	0.0051	-0.269958
0.0052	2.51355	0.0052	-0.00291562	0.0052	2.7719	0.0052	-0.286387
0.0053	2.51258	0.0053	-0.0161228	0.0053	2.7719	0.0053	-0.268992
0.0054	2.51419	0.0054	-0.0199883	0.0054	2.77125	0.0054	-0.278978
0.0055	2.51387	0.0055	-0.0244981	0.0055	2.77158	0.0055	-0.278656
0.0056	2.51226	0.0056	-0.00871389	0.0056	2.7719	0.0056	-0.277045
0.0057	2.51194	0.0057	-0.024176	0.0057	2.77125	0.0057	-0.280589
0.0058	2.51355	0.0058	-0.0248202	0.0058	2.7719	0.0058	-0.287675
0.0059	2.51387	0.0059	-0.0212768	0.0059	2.77222	0.0059	-0.279622
0.006	2.51258	0.006	-0.00323774	0.006	2.77125	0.006	-0.268992
0.0061	2.51162	0.0061	-0.00291562	0.0061	2.7719	0.0061	-0.269636
0.0062	2.51516	0.0062	-0.00968027	0.0062	2.77222	0.0062	-0.280911
0.0063	2.51226	0.0063	-1.65E-05	0.0063	2.77125	0.0063	-0.286065
0.0064	2.51323	0.0064	-0.00452625	0.0064	2.77158	0.0064	-0.279944
0.0065	2.51194	0.0065	-0.000338603	0.0065	2.7719	0.0065	-0.287353
0.0066	2.51452	0.0066	-0.0251424	0.0066	2.7719	0.0066	-0.265771
0.0067	2.51355	0.0067	-0.0193441	0.0067	2.77125	0.0067	-0.263194
0.0068	2.51226	0.0068	-0.0119352	0.0068	2.77158	0.0068	-0.284132
0.0069	2.51516	0.0069	-0.0193441	0.0069	2.77222	0.0069	-0.278334
0.007	2.51516	0.007	-0.0193441	0.007	2.7719	0.007	-0.281877
0.0071	2.5158	0.0071	-0.0190219	0.0071	2.7719	0.0071	-0.273824
0.0072	2.51548	0.0072	-0.00742539	0.0072	2.7719	0.0072	-0.284132
0.0073	2.51677	0.0073	-0.00420412	0.0073	2.77158	0.0073	-0.280267
0.0074	2.51226	0.0074	-0.0193441	0.0074	2.77254	0.0074	-0.278012
0.0075	2.51387	0.0075	-0.00581475	0.0075	2.77222	0.0075	-0.282844
0.0076	2.51452	0.0076	-0.00871389	0.0076	2.7719	0.0076	-0.27769
0.0077	2.51355	0.0077	-0.00452625	0.0077	2.77222	0.0077	-0.281233
0.0078	2.51258	0.0078	-0.0158007	0.0078	2.7719	0.0078	-0.264804
0.0079	2.51452	0.0079	-0.0177334	0.0079	2.7719	0.0079	-0.265449
0.008	2.51355	0.008	-0.0270751	0.008	2.77254	0.008	-0.279622
0.0081	2.51355	0.0081	-0.0177334	0.0081	2.77254	0.0081	-0.261905
0.0082	2.51387	0.0082	-0.0170892	0.0082	2.77222	0.0082	-0.2793
0.0083	2.51548	0.0083	-0.0154786	0.0083	2.77125	0.0083	-0.261905
0.0084	2.51548	0.0084	-0.0151564	0.0084	2.77222	0.0084	-0.284132
0.0085	2.51645	0.0085	-0.00710326	0.0085	2.7719	0.0085	-0.284454
0.0086	2.51484	0.0086	-0.0190219	0.0086	2.77222	0.0086	-0.260295
0.0087	2.51226	0.0087	-0.00742539	0.0087	2.77158	0.0087	-0.2793
0.0088	2.51484	0.0088	-0.0164449	0.0088	2.77286	0.0088	-0.261261
0.0089	2.51484	0.0089	-0.00806964	0.0089	2.77222	0.0089	-0.278334
0.009	2.51484	0.009	-0.0186998	0.009	2.77254	0.009	-0.269314
0.0091	2.51387	0.0091	0.000305651	0.0091	2.7719	0.0091	-0.269314
0.0092	2.51548	0.0092	-0.0161228	0.0092	2.77222	0.0092	-0.273502
0.0093	2.51452	0.0093	0.00127203	0.0093	2.77222	0.0093	-0.267381
0.0094	2.5129	0.0094	-0.00742539	0.0094	2.77254	0.0094	-0.263516
0.0095	2.51419	0.0095	-0.00194924	0.0095	2.7719	0.0095	-0.268026
0.0096	2.51452	0.0096	-0.0225653	0.0096	2.77254	0.0096	-0.279944
0.0097	2.51484	0.0097	-0.0196662	0.0097	2.77254	0.0097	-0.278978
0.0098	2.51355	0.0098	-0.0174113	0.0098	2.77222	0.0098	-0.266415
0.0099	2.51355	0.0099	-0.0209547	0.0099	2.77286	0.0099	-0.269314
0.01	2.51258	0.01	-0.021599	0.01	2.7719	0.01	-0.267059
0.0101	2.51419	0.0101	-0.0244981	0.0101	2.77222	0.0101	-0.260939
0.0102	2.51355	0.0102	-0.000660729	0.0102	2.77222	0.0102	-0.270925
0.0103	2.51387	0.0103	-0.00291562	0.0103	2.7719	0.0103	-0.274468
0.0104	2.51613	0.0104	-0.0174113	0.0104	2.77222	0.0104	-0.263838
0.0105	2.51613	0.0105	-0.00549263	0.0105	2.7719	0.0105	-0.269636
0.0106	2.51226	0.0106	-0.00162711	0.0106	2.77158	0.0106	-0.267704
0.0107	2.51194	0.0107	-0.00645901	0.0107	2.77254	0.0107	-0.268992
0.0108	2.51452	0.0108	-0.0154786	0.0108	2.7719	0.0108	-0.27318
0.0109	2.51548	0.0109	-0.0219211	0.0109	2.77254	0.0109	-0.27318
0.011	2.5129	0.011	-0.0161228	0.011	2.77222	0.011	-0.269958
0.0111	2.5129	0.0111	-0.0170892	0.0111	2.77254	0.0111	-0.265127
0.0112	2.51548	0.0112	-0.0190219	0.0112	2.77222	0.0112	-0.270603
0.0113	2.51516	0.0113	-0.0167671	0.0113	2.77222	0.0113	-0.267704
0.0114	2.5158	0.0114	-0.00549263	0.0114	2.7719	0.0114	-0.287031
0.0115	2.51226	0.0115	-0.00935815	0.0115	2.77254	0.0115	-0.284132
0.0116	2.51355	0.0116	0.000949904	0.0116	2.77222	0.0116	-0.269636
0.0117	2.51226	0.0117	-0.00839177	0.0117	2.77158	0.0117	-0.27769
0.0118	2.51548	0.0118	-0.00839177	0.0118	2.77222	0.0118	-0.270925
0.0119	2.51548	0.0119	-0.0103245	0.0119	2.77286	0.0119	-0.286387
0.012	2.51162	0.012	-0.0170892	0.012	2.77222	0.012	-0.263838
0.0121	2.51258	0.0121	-0.0170892	0.0121	2.77254	0.0121	-0.26416
0.0122	2.51419	0.0122	0.000627777	0.0122	2.77222	0.0122	-0.27769
0.0123	2.51613	0.0123	-0.0164449	0.0123	2.77222	0.0123	-0.269958
0.0124	2.51355	0.0124	-0.0206326	0.0124	2.77222	0.0124	-0.282844
0.0125	2.5158	0.0125	-0.0151564	0.0125	2.77254	0.0125	-0.270281
0.0126	2.51452	0.0126	-0.00678113	0.0126	2.77254	0.0126	-0.279944
0.0127	2.51484	0.0127	-0.0164449	0.0127	2.77254	0.0127	-0.279622
0.0128	2.51645	0.0128	-0.00549263	0.0128	2.77254	0.0128	-0.269314
0.0129	2.5129	0.0129	-0.0212768	0.0129	2.77222	0.0129	-0.285098
0.013	2.51645	0.013	-0.0158007	0.013	2.77222	0.013	-0.2793
0.0131	2.51484	0.0131	-0.0273972	0.0131	2.77222	0.0131	-0.283166
0.0132	2.51258	0.0132	-1.65E-05	0.0132	2.7719	0.0132	-0.268992
0.0133	2.51645	0.0133	-0.0148343	0.0133	2.77222	0.0133	-0.269314
0.0134	2.51323	0.0134	-0.00774751	0.0134	2.77222	0.0134	-0.284454
0.0135	2.51645	0.0135	-0.0174113	0.0135	2.77254	0.0135	-0.270281
0.0136	2.5158	0.0136	0.00191628	0.0136	2.77286	0.0136	-0.28381
0.0137	2.51419	0.0137	-0.00194924	0.0137	2.77222	0.0137	-0.280589
0.0138	2.51516	0.0138	-0.0251424	0.0138	2.77383	0.0138	-0.275113
0.0139	2.5158	0.0139	-0.0244981	0.0139	2.77254	0.0139	-0.273824
0.014	2.51258	0.014	-0.00839177	0.014	2.77286	0.014	-0.287353
0.0141	2.51516	0.0141	-0.0190219	0.0141	2.77222	0.0141	-0.279944
0.0142	2.51355	0.0142	-0.0251424	0.0142	2.77254	0.0142	-0.284132
0.0143	2.5129	0.0143	-0.0158007	0.0143	2.77319	0.0143	-0.278978
0.0144	2.51484	0.0144	-0.00452625	0.0144	2.77222	0.0144	-0.269636
0.0145	2.5158	0.0145	-0.000982856	0.0145	2.7719	0.0145	-0.269958
0.0146	2.5129	0.0146	-0.0109688	0.0146	2.77254	0.0146	-0.280267
0.0147	2.51548	0.0147	0.000627777	0.0147	2.77222	0.0147	-0.28832
0.0148	2.51452	0.0148	-0.00613688	0.0148	2.77222	0.0148	-0.278978
0.0149	2.51355	0.0149	-0.000338603	0.0149	2.77254	0.0149	-0.283488
0.015	2.51323	0.015	-0.021599	0.015	2.77158	0.015	-0.262227
0.0151	2.51484	0.0151	-0.0177334	0.0151	2.7719	0.0151	-0.261905
0.0152	2.51258	0.0152	-0.0170892	0.0152	2.77254	0.0152	-0.283166
0.0153	2.51516	0.0153	-0.0190219	0.0153	2.77222	0.0153	-0.272858
0.0154	2.51387	0.0154	-0.0183777	0.0154	2.77319	0.0154	-0.280911
0.0155	2.51484	0.0155	-0.0148343	0.0155	2.7719	0.0155	-0.272858
0.0156	2.5129	0.0156	-0.00613688	0.0156	2.77222	0.0156	-0.287031
0.0157	2.51129	0.0157	-0.00839177	0.0157	2.7719	0.0157	-0.287353
0.0158	2.51548	0.0158	-0.0264309	0.0158	2.77286	0.0158	-0.273502
0.0159	2.51194	0.0159	-0.00678113	0.0159	2.7719	0.0159	-0.281233
0.016	2.51484	0.016	-0.0112909	0.016	2.77222	0.016	-0.271891
0.0161	2.51419	0.0161	-0.00452625	0.0161	2.77222	0.0161	-0.278978
0.0162	2.5158	0.0162	-0.0180556	0.0162	2.7719	0.0162	-0.267704
0.0163	2.51741	0.0163	-0.0154786	0.0163	2.77158	0.0163	-0.267381
0.0164	2.5129	0.0164	-0.0212768	0.0164	2.77286	0.0164	-0.279944
0.0165	2.5129	0.0165	-0.0151564	0.0165	2.77222	0.0165	-0.262227
0.0166	2.51387	0.0166	-0.0170892	0.0166	2.7719	0.0166	-0.274146
0.0167	2.51419	0.0167	-0.000982856	0.0167	2.7719	0.0167	-0.266093
0.0168	2.51419	0.0168	-0.0228875	0.0168	2.77254	0.0168	-0.281555
0.0169	2.51387	0.0169	-0.0100024	0.0169	2.77158	0.0169	-0.281877
0.017	2.51516	0.017	-0.0177334	0.017	2.7719	0.017	-0.263516
0.0171	2.51452	0.0171	-0.00935815	0.0171	2.77158	0.0171	-0.278656
0.0172	2.51452	0.0172	-0.0264309	0.0172	2.77158	0.0172	-0.262872
0.0173	2.51194	0.0173	-0.01419	0.0173	2.77222	0.0173	-0.274146
0.0174	2.51484	0.0174	-0.0138679	0.0174	2.7719	0.0174	-0.270281
0.0175	2.51484	0.0175	0.00127203	0.0175	2.77093	0.0175	-0.269314
0.0176	2.51419	0.0176	-0.0154786	0.0176	2.7719	0.0176	-0.267704
0.0177	2.51419	0.0177	-0.00259349	0.0177	2.77158	0.0177	-0.267381
0.0178	2.51452	0.0178	0.00159416	0.0178	2.77222	0.0178	-0.263516
0.0179	2.51419	0.0179	-0.00355987	0.0179	2.77286	0.0179	-0.26867
0.018	2.51452	0.018	-0.0186998	0.018	2.77222	0.018	-0.278012
0.0181	2.51516	0.0181	-0.0257866	0.0181	2.77222	0.0181	-0.279944
0.0182	2.51258	0.0182	-0.0170892	0.0182	2.7719	0.0182	-0.267381
0.0183	2.51355	0.0183	-0.0238538	0.0183	2.77286	0.0183	-0.260295
0.0184	2.5129	0.0184	-0.0206326	0.0184	2.77286	0.0184	-0.269314
0.0185	2.51387	0.0185	-0.0219211	0.0185	2.7719	0.0185	-0.262872
0.0186	2.51323	0.0186	-0.000660729	0.0186	2.77286	0.0186	-0.285743
0.0187	2.51677	0.0187	-0.00613688	0.0187	2.7719	0.0187	-0.286065
0.0188	2.51484	0.0188	-0.0164449	0.0188	2.77254	0.0188	-0.266093
0.0189	2.51548	0.0189	-0.00645901	0.0189	2.77222	0.0189	-0.268348
0.019	2.51677	0.019	-0.00678113	0.019	2.77254	0.019	-0.268348
0.0191	2.51355	0.0191	-0.00678113	0.0191	2.77286	0.0191	-0.269636
0.0192	2.51387	0.0192	-0.0190219	0.0192	2.7719	0.0192	-0.262872
0.0193	2.51419	0.0193	-0.0203105	0.0193	2.77222	0.0193	-0.264804
0.0194	2.51355	0.0194	-0.00452625	0.0194	2.77222	0.0194	-0.268992
0.0195	2.51452	0.0195	-0.0174113	0.0195	2.7719	0.0195	-0.267381
0.0196	2.51516	0.0196	-0.0186998	0.0196	2.77286	0.0196	-0.269314
0.0197	2.51548	0.0197	-0.0167671	0.0197	2.77222	0.0197	-0.26867
0.0198	2.51613	0.0198	-0.00549263	0.0198	2.77222	0.0198	-0.283488
0.0199	2.51387	0.0199	-0.00742539	0.0199	2.77254	0.0199	-0.281233
0.02	2.51355	0.02	-0.00194924	0.02	2.7719	0.02	-0.269636
0.0201	2.51645	0.0201	-0.0103245	0.0201	2.77254	0.0201	-0.287353
0.0202	2.51484	0.0202	-0.00871389	0.0202	2.77222	0.0202	-0.26867
0.0203	2.51613	0.0203	-0.0164449	0.0203	2.7719	0.0203	-0.286709
0.0204	2.51516	0.0204	-0.0164449	0.0204	2.77222	0.0204	-0.267059
0.0205	2.51516	0.0205	-0.0148343	0.0205	2.77158	0.0205	-0.266737
0.0206	2.51677	0.0206	-0.00259349	0.0206	2.7719	0.0206	-0.28832
0.0207	2.51419	0.0207	-0.0170892	0.0207	2.77254	0.0207	-0.270281
0.0208	2.51613	0.0208	-0.0051705	0.0208	2.77158	0.0208	-0.287031
0.0209	2.51613	0.0209	-0.0158007	0.0209	2.7719	0.0209	-0.26867
0.021	2.51548	0.021	-0.0122573	0.021	2.7719	0.021	-0.2793
0.0211	2.51677	0.0211	-0.0248202	0.0211	2.7719	0.0211	-0.278978
0.0212	2.51484	0.0212	-0.00678113	0.0212	2.77254	0.0212	-0.271569
0.0213	2.51387	0.0213	-0.0235317	0.0213	2.77222	0.0213	-0.282844
0.0214	2.51355	0.0214	-0.0206326	0.0214	2.7719	0.0214	-0.28832
0.0215	2.51323	0.0215	-0.0228875	0.0215	2.77222	0.0215	-0.280589
0.0216	2.51323	0.0216	-0.00227136	0.0216	2.77093	0.0216	-0.269958
0.0217	2.5158	0.0217	-0.00162711	0.0217	2.7719	0.0217	-0.268992
0.0218	2.51677	0.0218	-0.00839177	0.0218	2.7719	0.0218	-0.280911
0.0219	2.51387	0.0219	0.00191628	0.0219	2.7719	0.0219	-0.282199
0.022	2.51484	0.022	-0.00291562	0.022	2.77222	0.022	-0.280589
0.0221	2.51516	0.0221	0.000627777	0.0221	2.77286	0.0221	-0.285421
0.0222	2.51419	0.0222	-0.0235317	0.0222	2.77286	0.0222	-0.271569
0.0223	2.51452	0.0223	-0.0222432	0.0223	2.77254	0.0223	-0.265449
0.0224	2.51387	0.0224	-0.0119352	0.0224	2.77319	0.0224	-0.286709
0.0225	2.51387	0.0225	-0.0180556	0.0225	2.77286	0.0225	-0.278656
0.0226	2.51484	0.0226	-0.0222432	0.0226	2.77286	0.0226	-0.282521
0.0227	2.51709	0.0227	-0.0186998	0.0227	2.77222	0.0227	-0.275757
0.0228	2.51355	0.0228	-0.00452625	0.0228	2.77286	0.0228	-0.278978
0.0229	2.51484	0.0229	-0.00323774	0.0229	2.77286	0.0229	-0.274146
0.023	2.51194	0.023	-0.0154786	0.023	2.77319	0.023	-0.278012
0.0231	2.51355	0.0231	-0.00291562	0.0231	2.77286	0.0231	-0.284132
0.0232	2.51516	0.0232	-0.00774751	0.0232	2.77286	0.0232	-0.278656
0.0233	2.51419	0.0233	-0.00613688	0.0233	2.77286	0.0233	-0.281233
0.0234	2.51452	0.0234	-0.0190219	0.0234	2.77222	0.0234	-0.265127
0.0235	2.51484	0.0235	-0.0177334	0.0235	2.77254	0.0235	-0.265449
0.0236	2.51484	0.0236	-0.0244981	0.0236	2.7719	0.0236	-0.281233
0.0237	2.51516	0.0237	-0.0158007	0.0237	2.77222	0.0237	-0.26416
0.0238	2.51548	0.0238	-0.0170892	0.0238	2.77222	0.0238	-0.280589
0.0239	2.51548	0.0239	-0.01419	0.0239	2.7719	0.0239	-0.261261
0.024	2.51516	0.024	-0.0148343	0.024	2.77254	0.024	-0.283166
0.0241	2.51355	0.0241	-0.00742539	0.0241	2.77222	0.0241	-0.286065
0.0242	2.51419	0.0242	-0.024176	0.0242	2.77254	0.0242	-0.263516
0.0243	2.51194	0.0243	-0.00774751	0.0243	2.77158	0.0243	-0.2793
0.0244	2.5158	0.0244	-0.0109688	0.0244	2.77286	0.0244	-0.261583
0.0245	2.51516	0.0245	-0.00968027	0.0245	2.77254	0.0245	-0.27769
0.0246	2.5129	0.0246	-0.0158007	0.0246	2.77286	0.0246	-0.269958
0.0247	2.51419	0.0247	-0.00420412	0.0247	2.77158	0.0247	-0.26867
0.0248	2.51452	0.0248	-0.0174113	0.0248	2.77254	0.0248	-0.275435
0.0249	2.51484	0.0249	0.00288266	0.0249	2.77254	0.0249	-0.266093
0.025	2.51516	0.025	-0.0125794	0.025	2.77254	0.025	-0.264482
0.0251	2.51258	0.0251	-1.65E-05	0.0251	2.77222	0.0251	-0.268348
0.0252	2.51548	0.0252	-0.026753	0.0252	2.77222	0.0252	-0.280267
0.0253	2.51387	0.0253	-0.0154786	0.0253	2.7719	0.0253	-0.279944
0.0254	2.51323	0.0254	-0.0177334	0.0254	2.77158	0.0254	-0.266415
0.0255	2.51097	0.0255	-0.0161228	0.0255	2.77254	0.0255	-0.274146
0.0256	2.51484	0.0256	-0.0232096	0.0256	2.77254	0.0256	-0.267381
0.0257	2.51452	0.0257	-0.0257866	0.0257	2.77351	0.0257	-0.263194
0.0258	2.51484	0.0258	0.000949904	0.0258	2.77222	0.0258	-0.269958
0.0259	2.51419	0.0259	-0.003882	0.0259	2.7719	0.0259	-0.269636
0.026	2.51548	0.026	-0.0167671	0.026	2.77254	0.026	-0.262227
0.0261	2.51323	0.0261	-0.00581475	0.0261	2.7719	0.0261	-0.269636
0.0262	2.51516	0.0262	-1.65E-05	0.0262	2.7719	0.0262	-0.265449
0.0263	2.51484	0.0263	-0.00549263	0.0263	2.77254	0.0263	-0.269314
0.0264	2.51419	0.0264	-0.0177334	0.0264	2.77286	0.0264	-0.273502
0.0265	2.51484	0.0265	-0.0203105	0.0265	2.77286	0.0265	-0.275113
0.0266	2.51452	0.0266	-0.0180556	0.0266	2.77254	0.0266	-0.269636
0.0267	2.51645	0.0267	-0.0203105	0.0267	2.77222	0.0267	-0.263516
0.0268	2.51484	0.0268	-0.0193441	0.0268	2.77222	0.0268	-0.269958
0.0269	2.51516	0.0269	-0.0158007	0.0269	2.77222	0.0269	-0.265449
0.027	2.51387	0.027	-0.00678113	0.027	2.77254	0.027	-0.287675
0.0271	2.51452	0.0271	-0.00903602	0.0271	2.77254	0.0271	-0.285743
0.0272	2.5158	0.0272	-0.000982856	0.0272	2.7719	0.0272	-0.268992
0.0273	2.51516	0.0273	-0.00710326	0.0273	2.77286	0.0273	-0.270281
0.0274	2.51548	0.0274	-0.00355987	0.0274	2.77222	0.0274	-0.269636
0.0275	2.51355	0.0275	-0.00806964	0.0275	2.77222	0.0275	-0.284454
0.0276	2.51484	0.0276	-0.0180556	0.0276	2.77222	0.0276	-0.263516
0.0277	2.51323	0.0277	-0.0180556	0.0277	2.77222	0.0277	-0.263516
0.0278	2.51484	0.0278	-0.00227136	0.0278	2.77222	0.0278	-0.273502
0.0279	2.51355	0.0279	-0.0158007	0.0279	2.77222	0.0279	-0.269958
0.028	2.51452	0.028	-0.0183777	0.028	2.7719	0.028	-0.2793
0.0281	2.51484	0.0281	-0.0183777	0.0281	2.77254	0.0281	-0.269958
0.0282	2.51516	0.0282	-0.00645901	0.0282	2.77254	0.0282	-0.281233
0.0283	2.51548	0.0283	-0.0119352	0.0283	2.77254	0.0283	-0.2793
0.0284	2.51323	0.0284	-0.003882	0.0284	2.77222	0.0284	-0.269314
0.0285	2.51387	0.0285	-0.0196662	0.0285	2.77286	0.0285	-0.284454
0.0286	2.51484	0.0286	-0.0132237	0.0286	2.77254	0.0286	-0.270925
0.0287	2.51355	0.0287	-0.0261087	0.0287	2.77254	0.0287	-0.284776
0.0288	2.5129	0.0288	0.000949904	0.0288	2.7719	0.0288	-0.269314
0.0289	2.51613	0.0289	-0.0167671	0.0289	2.77222	0.0289	-0.268348
0.029	2.51516	0.029	-0.00742539	0.029	2.77254	0.029	-0.285743
0.0291	2.51484	0.0291	-0.0145122	0.0291	2.77254	0.0291	-0.268026
0.0292	2.51516	0.0292	0.000627777	0.0292	2.77254	0.0292	-0.285421
0.0293	2.51258	0.0293	-0.00839177	0.0293	2.77125	0.0293	-0.272858
0.0294	2.51613	0.0294	-0.0193441	0.0294	2.77254	0.0294	-0.278978
0.0295	2.5158	0.0295	-0.0212768	0.0295	2.77254	0.0295	-0.275113
0.0296	2.51645	0.0296	-0.00710326	0.0296	2.77254	0.0296	-0.287353
0.0297	2.51258	0.0297	-0.0203105	0.0297	2.7719	0.0297	-0.280267
0.0298	2.51516	0.0298	-0.0244981	0.0298	2.77222	0.0298	-0.286065
0.0299	2.51516	0.0299	-0.0196662	0.0299	2.77254	0.0299	-0.279622
0.03	2.5158	0.03	-0.00484838	0.03	2.77222	0.03	-0.268992
0.0301	2.51419	0.0301	0.00320479	0.0301	2.77222	0.0301	-0.269314
0.0302	2.51419	0.0302	-0.00968027	0.0302	2.77222	0.0302	-0.280267
0.0303	2.51709	0.0303	-0.000338603	0.0303	2.77254	0.0303	-0.286387
0.0304	2.51387	0.0304	-0.00484838	0.0304	2.77222	0.0304	-0.279944
0.0305	2.51452	0.0305	-0.00355987	0.0305	2.77222	0.0305	-0.286709
0.0306	2.51323	0.0306	-0.0219211	0.0306	2.77222	0.0306	-0.26255
0.0307	2.51741	0.0307	-0.0161228	0.0307	2.77222	0.0307	-0.260617
0.0308	2.51677	0.0308	-0.0167671	0.0308	2.77222	0.0308	-0.284132
0.0309	2.51323	0.0309	-0.0161228	0.0309	2.77254	0.0309	-0.275757
0.031	2.51387	0.031	-0.0190219	0.031	2.77254	0.031	-0.279622
0.0311	2.51484	0.0311	-0.0170892	0.0311	2.77222	0.0311	-0.27318
0.0312	2.51419	0.0312	-0.00839177	0.0312	2.77222	0.0312	-0.287675
0.0313	2.51452	0.0313	-0.00549263	0.0313	2.77222	0.0313	-0.285743
0.0314	2.51001	0.0314	-0.0244981	0.0314	2.77254	0.0314	-0.275435
0.0315	2.51645	0.0315	-0.00678113	0.0315	2.77254	0.0315	-0.279622
0.0316	2.51452	0.0316	-0.00968027	0.0316	2.77254	0.0316	-0.275757
0.0317	2.5158	0.0317	-0.00839177	0.0317	2.77222	0.0317	-0.280589
0.0318	2.51484	0.0318	-0.0154786	0.0318	2.77222	0.0318	-0.267381
0.0319	2.51645	0.0319	-0.0161228	0.0319	2.77254	0.0319	-0.267059
0.032	2.51484	0.032	-0.0222432	0.032	2.77254	0.032	-0.281877
0.0321	2.51548	0.0321	-0.0154786	0.0321	2.7719	0.0321	-0.260939
0.0322	2.51452	0.0322	-0.0170892	0.0322	2.77222	0.0322	-0.274468
0.0323	2.51323	0.0323	-0.00678113	0.0323	2.77158	0.0323	-0.264482
0.0324	2.51645	0.0324	-0.0180556	0.0324	2.77222	0.0324	-0.281555
0.0325	2.51097	0.0325	-0.00839177	0.0325	2.7719	0.0325	-0.282844
0.0326	2.5129	0.0326	-0.0225653	0.0326	2.77222	0.0326	-0.261905
0.0327	2.51355	0.0327	-0.00806964	0.0327	2.77254	0.0327	-0.278656
0.0328	2.5158	0.0328	-0.024176	0.0328	2.77222	0.0328	-0.262872
0.0329	2.51452	0.0329	-0.0132237	0.0329	2.77254	0.0329	-0.275113
0.033	2.51516	0.033	-0.0174113	0.033	2.77222	0.033	-0.269636
0.0331	2.5129	0.0331	-0.00194924	0.0331	2.77286	0.0331	-0.270281
0.0332	2.51516	0.0332	-0.0161228	0.0332	2.7719	0.0332	-0.272213
0.0333	2.51484	0.0333	0.00127203	0.0333	2.77222	0.0333	-0.267381
0.0334	2.51774	0.0334	-0.00130498	0.0334	2.7719	0.0334	-0.260939
0.0335	2.51645	0.0335	-0.003882	0.0335	2.77222	0.0335	-0.269314
0.0336	2.51129	0.0336	-0.0222432	0.0336	2.77351	0.0336	-0.2793
0.0337	2.51548	0.0337	-0.0228875	0.0337	2.77254	0.0337	-0.280267
0.0338	2.51774	0.0338	-0.0180556	0.0338	2.77222	0.0338	-0.268992
0.0339	2.51258	0.0339	-0.0248202	0.0339	2.77254	0.0339	-0.261261
0.034	2.51323	0.034	-0.0199883	0.034	2.7719	0.034	-0.26867
0.0341	2.51548	0.0341	-0.0248202	0.0341	2.7719	0.0341	-0.262227
0.0342	2.51484	0.0342	-0.00130498	0.0342	2.77222	0.0342	-0.28381
0.0343	2.51419	0.0343	-0.00581475	0.0343	2.77222	0.0343	-0.28381
0.0344	2.51226	0.0344	-0.0167671	0.0344	2.77222	0.0344	-0.264804
0.0345	2.5129	0.0345	-0.00774751	0.0345	2.77286	0.0345	-0.269958
0.0346	2.51419	0.0346	-0.0051705	0.0346	2.77222	0.0346	-0.268026
0.0347	2.5158	0.0347	-0.003882	0.0347	2.7719	0.0347	-0.269636
0.0348	2.51323	0.0348	-0.0183777	0.0348	2.77254	0.0348	-0.264482
0.0349	2.5129	0.0349	-0.0203105	0.0349	2.77158	0.0349	-0.268992
0.035	2.51323	0.035	-0.00871389	0.035	2.77254	0.035	-0.270603
0.0351	2.51484	0.0351	-0.0183777	0.0351	2.77286	0.0351	-0.266737
0.0352	2.51258	0.0352	-0.0170892	0.0352	2.77254	0.0352	-0.270281
0.0353	2.51484	0.0353	-0.0193441	0.0353	2.7719	0.0353	-0.268348
0.0354	2.51258	0.0354	-0.00355987	0.0354	2.7719	0.0354	-0.284454
0.0355	2.51548	0.0355	-0.00839177	0.0355	2.77286	0.0355	-0.282521
0.0356	2.51419	0.0356	0.000305651	0.0356	2.77158	0.0356	-0.268992
0.0357	2.5129	0.0357	-0.0106467	0.0357	2.77222	0.0357	-0.287675
0.0358	2.51516	0.0358	-0.00774751	0.0358	2.77286	0.0358	-0.270281
0.0359	2.51226	0.0359	-0.0129015	0.0359	2.77254	0.0359	-0.287675
0.036	2.51484	0.036	-0.0145122	0.036	2.77222	0.036	-0.265771
0.0361	2.51452	0.0361	-0.0145122	0.0361	2.77222	0.0361	-0.266415
0.0362	2.51323	0.0362	-0.00323774	0.0362	2.77319	0.0362	-0.286065
0.0363	2.51613	0.0363	-0.0148343	0.0363	2.77254	0.0363	-0.268992
0.0364	2.51355	0.0364	-0.00871389	0.0364	2.77254	0.0364	-0.288642
0.0365	2.51419	0.0365	-0.0174113	0.0365	2.7719	0.0365	-0.26867
0.0366	2.51387	0.0366	-0.0100024	0.0366	2.77254	0.0366	-0.279622
0.0367	2.51452	0.0367	-0.0235317	0.0367	2.77222	0.0367	-0.278978
0.0368	2.51484	0.0368	-0.00420412	0.0368	2.77254	0.0368	-0.270925
0.0369	2.51258	0.0369	-0.0251424	0.0369	2.77254	0.0369	-0.282844
0.037	2.51484	0.037	-0.0190219	0.037	2.77222	0.037	-0.286387
0.0371	2.51645	0.0371	-0.0254645	0.0371	2.77254	0.0371	-0.281555
0.0372	2.51613	0.0372	-0.00162711	0.0372	2.77286	0.0372	-0.269314
0.0373	2.51258	0.0373	-0.00581475	0.0373	2.77158	0.0373	-0.268992
0.0374	2.51419	0.0374	-0.00871389	0.0374	2.77254	0.0374	-0.281233
0.0375	2.51516	0.0375	-0.00452625	0.0375	2.77222	0.0375	-0.277367
0.0376	2.51484	0.0376	-0.00227136	0.0376	2.7719	0.0376	-0.282199
0.0377	2.51452	0.0377	0.000305651	0.0377	2.77286	0.0377	-0.287031
0.0378	2.51194	0.0378	-0.0238538	0.0378	2.77286	0.0378	-0.273824
0.0379	2.51484	0.0379	-0.0193441	0.0379	2.77222	0.0379	-0.272858
0.038	2.51484	0.038	-0.00968027	0.038	2.77222	0.038	-0.286387
0.0381	2.51516	0.0381	-0.0177334	0.0381	2.77222	0.0381	-0.278656
0.0382	2.51548	0.0382	-0.0219211	0.0382	2.77222	0.0382	-0.281233
0.0383	2.5158	0.0383	-0.0196662	0.0383	2.77222	0.0383	-0.278334
0.0384	2.51387	0.0384	-0.00645901	0.0384	2.77254	0.0384	-0.269958
0.0385	2.5158	0.0385	-0.000982856	0.0385	2.77254	0.0385	-0.268992
0.0386	2.51548	0.0386	-0.0119352	0.0386	2.77222	0.0386	-0.278978
0.0387	2.51613	0.0387	-0.003882	0.0387	2.77222	0.0387	-0.284776
0.0388	2.51548	0.0388	-0.00742539	0.0388	2.77222	0.0388	-0.2793
0.0389	2.51162	0.0389	-0.0051705	0.0389	2.77254	0.0389	-0.282199
0.039	2.51548	0.039	-0.0193441	0.039	2.77254	0.039	-0.263516
0.0391	2.51516	0.0391	-0.0174113	0.0391	2.77222	0.0391	-0.263516
0.0392	2.51484	0.0392	-0.0238538	0.0392	2.77254	0.0392	-0.279944
0.0393	2.51419	0.0393	-0.0161228	0.0393	2.77222	0.0393	-0.271247
0.0394	2.51323	0.0394	-0.0161228	0.0394	2.77222	0.0394	-0.279622
0.0395	2.5158	0.0395	-0.0164449	0.0395	2.77254	0.0395	-0.262872
0.0396	2.51355	0.0396	-0.0100024	0.0396	2.77254	0.0396	-0.285421
0.0397	2.51516	0.0397	-0.00613688	0.0397	2.77286	0.0397	-0.285098
0.0398	2.51484	0.0398	-0.024176	0.0398	2.77286	0.0398	-0.270281
0.0399	2.51419	0.0399	-0.00645901	0.0399	2.77254	0.0399	-0.279944
0.04	2.5158	0.04	-0.00903602	0.04	2.77351	0.04	-0.26416
0.0401	2.51677	0.0401	-0.00678113	0.0401	2.77286	0.0401	-0.2793
0.0402	2.51258	0.0402	-0.0177334	0.0402	2.77286	0.0402	-0.268992
0.0403	2.51323	0.0403	-0.0132237	0.0403	2.77254	0.0403	-0.26867
0.0404	2.51419	0.0404	-0.0177334	0.0404	2.77254	0.0404	-0.277367
0.0405	2.5158	0.0405	-0.00162711	0.0405	2.77222	0.0405	-0.264804
0.0406	2.51484	0.0406	-0.0170892	0.0406	2.7719	0.0406	-0.270281
0.0407	2.51258	0.0407	0.00127203	0.0407	2.77222	0.0407	-0.268026
0.0408	2.51484	0.0408	-0.0277194	0.0408	2.77254	0.0408	-0.278978
0.0409	2.51516	0.0409	-0.0132237	0.0409	2.77222	0.0409	-0.280589
0.041	2.51323	0.041	-0.0186998	0.041	2.7719	0.041	-0.265449
0.0411	2.51677	0.0411	-0.01419	0.0411	2.77222	0.0411	-0.274468
0.0412	2.51258	0.0412	-0.0261087	0.0412	2.7719	0.0412	-0.265449
0.0413	2.51387	0.0413	-0.024176	0.0413	2.77254	0.0413	-0.268026
0.0414	2.51452	0.0414	-0.000660729	0.0414	2.77254	0.0414	-0.269314
0.0415	2.51419	0.0415	-0.000660729	0.0415	2.7719	0.0415	-0.268348
0.0416	2.51387	0.0416	-0.0186998	0.0416	2.77254	0.0416	-0.261905
0.0417	2.51613	0.0417	-0.00484838	0.0417	2.77222	0.0417	-0.268992
0.0418	2.51484	0.0418	-0.00130498	0.0418	2.77222	0.0418	-0.264482
0.0419	2.51452	0.0419	-0.00259349	0.0419	2.7719	0.0419	-0.268992
0.042	2.51194	0.042	-0.0183777	0.042	2.7719	0.042	-0.274146
0.0421	2.51613	0.0421	-0.0228875	0.0421	2.77254	0.0421	-0.276079
0.0422	2.51677	0.0422	-0.0196662	0.0422	2.77254	0.0422	-0.269314
0.0423	2.51516	0.0423	-0.021599	0.0423	2.7719	0.0423	-0.261583
0.0424	2.51355	0.0424	-0.0199883	0.0424	2.7719	0.0424	-0.269636
0.0425	2.51355	0.0425	-0.0209547	0.0425	2.77222	0.0425	-0.264804
0.0426	2.51516	0.0426	-0.00227136	0.0426	2.77254	0.0426	-0.287031
0.0427	2.51516	0.0427	-0.00839177	0.0427	2.77222	0.0427	-0.287031
0.0428	2.51452	0.0428	-0.011613	0.0428	2.77222	0.0428	-0.268348
0.0429	2.51387	0.0429	-0.00903602	0.0429	2.77222	0.0429	-0.268992
0.043	2.51452	0.043	-0.00581475	0.043	2.7719	0.043	-0.26867
0.0431	2.51452	0.0431	-0.00645901	0.0431	2.77222	0.0431	-0.275113
0.0432	2.51355	0.0432	-0.0167671	0.0432	2.77222	0.0432	-0.261583
0.0433	2.51548	0.0433	-0.0177334	0.0433	2.77254	0.0433	-0.261905
0.0434	2.51419	0.0434	-0.00130498	0.0434	2.7719	0.0434	-0.269636
0.0435	2.51484	0.0435	-0.0180556	0.0435	2.77222	0.0435	-0.268348
0.0436	2.51484	0.0436	-0.0177334	0.0436	2.77222	0.0436	-0.271569
0.0437	2.51516	0.0437	-0.0199883	0.0437	2.77254	0.0437	-0.26867
0.0438	2.51129	0.0438	-0.00549263	0.0438	2.77222	0.0438	-0.281877
0.0439	2.51387	0.0439	-0.00903602	0.0439	2.7719	0.0439	-0.281555
0.044	2.51516	0.044	-1.65E-05	0.044	2.77158	0.044	-0.271569
0.0441	2.5129	0.0441	-0.0135458	0.0441	2.77158	0.0441	-0.286709
0.0442	2.51323	0.0442	-0.0106467	0.0442	2.77254	0.0442	-0.269636
0.0443	2.51387	0.0443	-0.0212768	0.0443	2.7719	0.0443	-0.284454
0.0444	2.51355	0.0444	-0.00259349	0.0444	2.77254	0.0444	-0.267381
0.0445	2.51677	0.0445	-0.0180556	0.0445	2.77222	0.0445	-0.267059
0.0446	2.51355	0.0446	-0.00420412	0.0446	2.77254	0.0446	-0.287031
0.0447	2.51419	0.0447	-0.0193441	0.0447	2.77222	0.0447	-0.270603
0.0448	2.51484	0.0448	-0.000338603	0.0448	2.77254	0.0448	-0.287031
0.0449	2.51709	0.0449	-0.0180556	0.0449	2.7719	0.0449	-0.268992
0.045	2.51419	0.045	-0.0148343	0.045	2.77254	0.045	-0.278978
0.0451	2.51387	0.0451	-0.0280415	0.0451	2.77222	0.0451	-0.278656
0.0452	2.51387	0.0452	-0.00581475	0.0452	2.77222	0.0452	-0.280589
0.0453	2.51452	0.0453	-0.0222432	0.0453	2.7719	0.0453	-0.280589
0.0454	2.5158	0.0454	-0.0257866	0.0454	2.77254	0.0454	-0.286709
0.0455	2.51741	0.0455	-0.0183777	0.0455	2.77383	0.0455	-0.280267
0.0456	2.51452	0.0456	-0.00581475	0.0456	2.77222	0.0456	-0.269958
0.0457	2.51323	0.0457	0.000627777	0.0457	2.77222	0.0457	-0.270603
0.0458	2.51484	0.0458	-0.00774751	0.0458	2.7719	0.0458	-0.282199
0.0459	2.51613	0.0459	0.000949904	0.0459	2.77222	0.0459	-0.286709
0.046	2.51484	0.046	-0.0051705	0.046	2.77254	0.046	-0.279944
0.0461	2.51387	0.0461	-0.000338603	0.0461	2.77222	0.0461	-0.286065
0.0462	2.5158	0.0462	-0.0212768	0.0462	2.77254	0.0462	-0.26416
0.0463	2.51548	0.0463	-0.0164449	0.0463	2.77254	0.0463	-0.260939
0.0464	2.51548	0.0464	-0.0119352	0.0464	2.77254	0.0464	-0.283488
0.0465	2.51677	0.0465	-0.0183777	0.0465	2.77222	0.0465	-0.276723
0.0466	2.51484	0.0466	-0.0199883	0.0466	2.77254	0.0466	-0.279944
0.0467	2.51484	0.0467	-0.0161228	0.0467	2.77254	0.0467	-0.274146
0.0468	2.51452	0.0468	-0.00839177	0.0468	2.77254	0.0468	-0.285098
0.0469	2.51548	0.0469	-0.00355987	0.0469	2.77319	0.0469	-0.283166
0.047	2.51516	0.047	-0.0209547	0.047	2.77286	0.047	-0.27769
0.0471	2.51162	0.0471	-0.00323774	0.0471	2.77286	0.0471	-0.281555
0.0472	2.51484	0.0472	-0.00710326	0.0472	2.77254	0.0472	-0.277367
0.0473	2.51516	0.0473	-0.00774751	0.0473	2.77222	0.0473	-0.281233
0.0474	2.51645	0.0474	-0.0180556	0.0474	2.77254	0.0474	-0.266737
0.0475	2.51484	0.0475	-0.0170892	0.0475	2.77286	0.0475	-0.266737
0.0476	2.51162	0.0476	-0.0261087	0.0476	2.77286	0.0476	-0.278978
0.0477	2.51355	0.0477	-0.0167671	0.0477	2.77254	0.0477	-0.260617
0.0478	2.51355	0.0478	-0.0180556	0.0478	2.7719	0.0478	-0.277045
0.0479	2.51419	0.0479	-0.0158007	0.0479	2.77254	0.0479	-0.263194
0.048	2.51162	0.048	-0.0154786	0.048	2.77254	0.048	-0.282199
0.0481	2.51548	0.0481	-0.00871389	0.0481	2.77286	0.0481	-0.284776
0.0482	2.51484	0.0482	-0.0203105	0.0482	2.77286	0.0482	-0.260617
0.0483	2.51613	0.0483	-0.0051705	0.0483	2.77254	0.0483	-0.278012
0.0484	2.5158	0.0484	-0.0203105	0.0484	2.77254	0.0484	-0.262872
0.0485	2.51548	0.0485	-0.011613	0.0485	2.7719	0.0485	-0.275435
0.0486	2.5158	0.0486	-0.0164449	0.0486	2.77222	0.0486	-0.270281
0.0487	2.51355	0.0487	-0.000660729	0.0487	2.77254	0.0487	-0.269314
0.0488	2.5158	0.0488	-0.0183777	0.0488	2.77254	0.0488	-0.272858
0.0489	2.51613	0.0489	0.00127203	0.0489	2.77254	0.0489	-0.267059
0.049	2.51419	0.049	-0.00549263	0.049	2.77254	0.049	-0.261905
0.0491	2.5158	0.0491	-0.00162711	0.0491	2.77222	0.0491	-0.26867
0.0492	2.51452	0.0492	-0.0238538	0.0492	2.77286	0.0492	-0.279622
0.0493	2.51677	0.0493	-0.0228875	0.0493	2.77222	0.0493	-0.2793
0.0494	2.51323	0.0494	-0.0193441	0.0494	2.77222	0.0494	-0.267704
0.0495	2.51355	0.0495	-0.0235317	0.0495	2.77254	0.0495	-0.266093
0.0496	2.51484	0.0496	-0.0219211	0.0496	2.77286	0.0496	-0.26867
0.0497	2.5129	0.0497	-0.0232096	0.0497	2.77222	0.0497	-0.260939
0.0498	2.51484	0.0498	-1.65E-05	0.0498	2.77222	0.0498	-0.27769
0.0499	2.51516	0.0499	-0.00742539	0.0499	2.77286	0.0499	-0.280589