0	0.446299	0	0.968326	0	-0.473368	0	0.017722
1.00E-05	0.492379	1.00E-05	0.8926	1.00E-05	-0.414076	1.00E-05	0.0383452
2.00E-05	0.481423	2.00E-05	0.771438	2.00E-05	-0.311283	2.00E-05	0.0554238
3.00E-05	0.474334	3.00E-05	0.621274	3.00E-05	-0.173043	3.00E-05	0.0686356
4.00E-05	0.4695	4.00E-05	0.446621	4.00E-05	-0.0103127	4.00E-05	0.077336
5.00E-05	0.467566	5.00E-05	0.261334	5.00E-05	0.169174	5.00E-05	0.0815251
6.00E-05	0.465633	6.00E-05	0.0708912	6.00E-05	0.357039	6.00E-05	0.0831363
7.00E-05	0.463055	7.00E-05	-0.115362	7.00E-05	0.543615	7.00E-05	0.0805584
8.00E-05	0.4666	8.00E-05	-0.286792	8.00E-05	0.719235	8.00E-05	0.0734691
9.00E-05	0.471433	9.00E-05	-0.439533	9.00E-05	0.878099	9.00E-05	0.0631575
1.00E-04	0.4782	1.00E-04	-0.558438	1.00E-04	1.01054	1.00E-04	0.050268
0.00011	0.484001	0.00011	-0.651243	0.00011	1.11462	0.00011	0.0360896
0.00012	0.493023	0.00012	-0.706667	0.00012	1.18487	0.00012	0.0193332
0.00013	0.501079	0.00013	-0.721812	0.00013	1.21871	0.00013	0.00386577
0.00014	0.508813	0.00014	-0.707312	0.00014	1.21645	0.00014	-0.0128906
0.00015	0.519447	0.00015	-0.65092	0.00015	1.17682	0.00015	-0.0277135
0.00016	0.526214	0.00016	-0.565205	0.00016	1.10592	0.00016	-0.040603
0.00017	0.532014	0.00017	-0.460478	0.00017	1.00893	0.00017	-0.0505924
0.00018	0.535559	0.00018	-0.332872	0.00018	0.892277	0.00018	-0.0567149
0.00019	0.542004	0.00019	-0.197533	0.00019	0.763382	0.00019	-0.0612262
0.0002	0.541681	0.0002	-0.0580039	0.0002	0.627075	0.0002	-0.0618707
0.00021	0.542004	0.00021	0.0757248	0.00021	0.491734	0.00021	-0.0596151
0.00022	0.540715	0.00022	0.202364	0.00022	0.36155	0.00022	-0.0547815
0.00023	0.537815	0.00023	0.312248	0.00023	0.246511	0.00023	-0.0476923
0.00024	0.53427	0.00024	0.401185	0.00024	0.147906	0.00024	-0.0383474
0.00025	0.526858	0.00025	0.470144	0.00025	0.0731469	0.00025	-0.027069
0.00026	0.521703	0.00026	0.507202	0.00026	0.0219111	0.00026	-0.0154685
0.00027	0.518802	0.00027	0.518802	0.00027	-0.000967792	0.00027	-0.00225674
0.00028	0.509135	0.00028	0.505591	0.00028	0.00418801	0.00028	0.00902158
0.00029	0.502368	0.00029	0.458866	0.00029	0.0354451	0.00029	0.0196554
0.0003	0.498179	0.0003	0.39893	0.0003	0.0905478	0.0003	0.0293226
0.00031	0.495279	0.00031	0.314503	0.00031	0.164985	0.00031	0.0357673
0.00032	0.490123	0.00032	0.219121	0.00032	0.252633	0.00032	0.0412454
0.00033	0.489479	0.00033	0.118905	0.00033	0.349305	0.00033	0.043501
0.00034	0.486901	0.00034	0.0180442	0.00034	0.449843	0.00034	0.043501
0.00035	0.488834	0.00035	-0.0808827	0.00035	0.549415	0.00035	0.0415676
0.00036	0.490123	0.00036	-0.170787	0.00036	0.642542	0.00036	0.036734
0.00037	0.492057	0.00037	-0.247802	0.00037	0.724713	0.00037	0.0309337
0.00038	0.495601	0.00038	-0.310316	0.00038	0.791417	0.00038	0.0238445
0.00039	0.498824	0.00039	-0.352207	0.00039	0.841041	0.00039	0.0148219
0.0004	0.503979	0.0004	-0.373797	0.0004	0.87101	0.0004	0.00644368
0.00041	0.507524	0.00041	-0.375085	0.00041	0.880677	0.00041	-0.00322346
0.00042	0.513002	0.00042	-0.355429	0.00042	0.869721	0.00042	-0.0116016
0.00043	0.517513	0.00043	-0.316116	0.00043	0.839752	0.00043	-0.0193353
0.00044	0.520091	0.00044	-0.263591	0.00044	0.792706	0.00044	-0.0257801
0.00045	0.525569	0.00045	-0.198822	0.00045	0.733736	0.00045	-0.0306137
0.00046	0.527825	0.00046	-0.128574	0.00046	0.665421	0.00046	-0.0325471
0.00047	0.528147	0.00047	-0.0522036	0.00047	0.59324	0.00047	-0.033836
0.00048	0.526858	0.00048	0.0222333	0.00048	0.519447	0.00048	-0.0328693
0.00049	0.525569	0.00049	0.0931257	0.00049	0.447588	0.00049	-0.0312581
0.0005	0.524925	0.0005	0.153062	0.0005	0.382818	0.0005	-0.0273913
0.00051	0.524603	0.00051	0.204942	0.00051	0.327715	0.00051	-0.0219132
0.00052	0.519125	0.00052	0.242322	0.00052	0.28518	0.00052	-0.0157907
0.00053	0.516869	0.00053	0.264879	0.00053	0.255856	0.00053	-0.00934597
0.00054	0.514936	0.00054	0.273257	0.00054	0.242966	0.00054	-0.00257898
0.00055	0.510424	0.00055	0.262301	0.00055	0.2449	0.00055	0.00418801
0.00056	0.505268	0.00056	0.242	0.00056	0.260689	0.00056	0.0103105
0.00057	0.504302	0.00057	0.203331	0.00057	0.290658	0.00057	0.0151441
0.00058	0.501402	0.00058	0.160473	0.00058	0.331904	0.00058	0.0196554
0.00059	0.499468	0.00059	0.110527	0.00059	0.379918	0.00059	0.0222333
0.0006	0.501402	0.0006	0.0557461	0.0006	0.433087	0.0006	0.0232
0.00061	0.498501	0.00061	-0.00161227	0.00061	0.487868	0.00061	0.0232
0.00062	0.501402	0.00062	-0.0534925	0.00062	0.540715	0.00062	0.0212666
0.00063	0.498179	0.00063	-0.103117	0.00063	0.590662	0.00063	0.0186887
0.00064	0.503013	0.00064	-0.141463	0.00064	0.633842	0.00064	0.0154663
0.00065	0.503013	0.00065	-0.170143	0.00065	0.668321	0.00065	0.0115995
0.00066	0.506235	0.00066	-0.193666	0.00066	0.691522	0.00066	0.00612144
0.00067	0.510424	0.00067	-0.200755	0.00067	0.705056	0.00067	0.00161011
0.00068	0.510424	0.00068	-0.196566	0.00068	0.704734	0.00068	-0.00419017
0.00069	0.513647	0.00069	-0.181743	0.00069	0.696034	0.00069	-0.0087015
0.0007	0.515902	0.0007	-0.156286	0.0007	0.676377	0.0007	-0.0125684
0.00071	0.517191	0.00071	-0.125674	0.00071	0.647698	0.00071	-0.0154685
0.00072	0.520414	0.00072	-0.0876497	0.00072	0.612896	0.00072	-0.0177242
0.00073	0.521703	0.00073	-0.0480145	0.00073	0.573583	0.00073	-0.0190131
0.00074	0.52138	0.00074	-0.00773478	0.00074	0.533625	0.00074	-0.0186909
0.00075	0.52138	0.00075	0.0338339	0.00075	0.49399	0.00075	-0.0177242
0.00076	0.518802	0.00076	0.0683133	0.00076	0.455966	0.00076	-0.0157907
0.00077	0.519769	0.00077	0.0982815	0.00077	0.42342	0.00077	-0.0135351
0.00078	0.517191	0.00078	0.121483	0.00078	0.397963	0.00078	-0.00999045
0.00079	0.513647	0.00079	0.140172	0.00079	0.379595	0.00079	-0.00676807
0.0008	0.512358	0.0008	0.144361	0.0008	0.368962	0.0008	-0.00290122
0.00081	0.513002	0.00081	0.144361	0.00081	0.367028	0.00081	-1.08E-06
0.00082	0.508491	0.00082	0.133728	0.00082	0.37444	0.00082	0.00418801
0.00083	0.509458	0.00083	0.115038	0.00083	0.388618	0.00083	0.00708815
0.00084	0.505913	0.00084	0.0944146	0.00084	0.409241	0.00084	0.00998829
0.00085	0.506235	0.00085	0.0644465	0.00085	0.434376	0.00085	0.0106328
0.00086	0.503979	0.00086	0.0344784	0.00086	0.462733	0.00086	0.0119217
0.00087	0.501402	0.00087	0.00708815	0.00087	0.493023	0.00087	0.012244
0.00088	0.503979	0.00088	-0.0238467	0.00088	0.522347	0.00088	0.0115995
0.00089	0.507524	0.00089	-0.0534925	0.00089	0.550382	0.00089	0.0103105
0.0009	0.504624	0.0009	-0.074438	0.0009	0.574227	0.0009	0.00805487
0.00091	0.506557	0.00091	-0.0899054	0.00091	0.593884	0.00091	0.00547696
0.00092	0.507524	0.00092	-0.104084	0.00092	0.607418	0.00092	0.00289906
0.00093	0.509135	0.00093	-0.106017	0.00093	0.61483	0.00093	0.000321159
0.00094	0.509458	0.00094	-0.105695	0.00094	0.615796	0.00094	-0.00225674
0.00095	0.514291	0.00095	-0.0979613	0.00095	0.611285	0.00095	-0.00483464
0.00096	0.51558	0.00096	-0.0850718	0.00096	0.600007	0.00096	-0.00741255
0.00097	0.516547	0.00097	-0.0673488	0.00097	0.584539	0.00097	-0.0087015
0.00098	0.517191	0.00098	-0.0460811	0.00098	0.565527	0.00098	-0.0103127
0.00099	0.51558	0.00099	-0.028358	0.00099	0.544582	0.00099	-0.0103127
0.001	0.515902	0.001	-0.0019345	0.001	0.522347	0.001	-0.0109572
0.00101	0.515258	0.00101	0.0186887	0.00101	0.500435	0.00101	-0.0106349
0.00102	0.516225	0.00102	0.0370563	0.00102	0.479489	0.00102	-0.00902374
0.00103	0.513969	0.00103	0.0538126	0.00103	0.462733	0.00103	-0.00773478
0.00104	0.51268	0.00104	0.0673466	0.00104	0.448232	0.00104	-0.00580136
0.00105	0.513647	0.00105	0.0754026	0.00105	0.439854	0.00105	-0.00419017
0.00106	0.513324	0.00106	0.0789472	0.00106	0.433731	0.00106	-0.0019345
0.00107	0.512035	0.00107	0.0763693	0.00107	0.434054	0.00107	0.000321159
0.00108	0.511069	0.00108	0.0654132	0.00108	0.437276	0.00108	0.00225459
0.00109	0.50688	0.00109	0.0609019	0.00109	0.446299	0.00109	0.0032213
0.0011	0.510746	0.0011	0.0451122	0.0011	0.458222	0.0011	0.00515473
0.00111	0.508813	0.00111	0.0341561	0.00111	0.472078	0.00111	0.00547696
0.00112	0.507524	0.00112	0.0161108	0.00112	0.487868	0.00112	0.00644368
0.00113	0.507524	0.00113	-0.0019345	0.00113	0.504946	0.00113	0.00612144
0.00114	0.508491	0.00114	-0.0206243	0.00114	0.520736	0.00114	0.0057992
0.00115	0.508169	0.00115	-0.0328693	0.00115	0.535237	0.00115	0.00483249
0.00116	0.507846	0.00116	-0.0412475	0.00116	0.547804	0.00116	0.00386577
0.00117	0.508491	0.00117	-0.048659	0.00117	0.557793	0.00117	0.0032213
0.00118	0.508813	0.00118	-0.0557482	0.00118	0.564883	0.00118	0.00128787
0.00119	0.511069	0.00119	-0.0589706	0.00119	0.568427	0.00119	-0.000645554
0.0012	0.511713	0.0012	-0.0560704	0.0012	0.567138	0.0012	-0.00225674
0.00121	0.513647	0.00121	-0.0534925	0.00121	0.564238	0.00121	-0.00290122
0.00122	0.51268	0.00122	-0.0444699	0.00122	0.558116	0.00122	-0.00419017
0.00123	0.515258	0.00123	-0.0344805	0.00123	0.548126	0.00123	-0.00515688
0.00124	0.512358	0.00124	-0.0212688	0.00124	0.537492	0.00124	-0.00580136
0.00125	0.513002	0.00125	-0.0106349	0.00125	0.525892	0.00125	-0.00644583
0.00126	0.514613	0.00126	0.00289906	0.00126	0.513969	0.00126	-0.00676807
0.00127	0.514291	0.00127	0.0144996	0.00127	0.502046	0.00127	-0.0061236
0.00128	0.513969	0.00128	0.0257779	0.00128	0.490768	0.00128	-0.00515688
0.00129	0.514291	0.00129	0.0338339	0.00129	0.482067	0.00129	-0.00451241
0.0013	0.515902	0.0013	0.0393119	0.0013	0.474334	0.0013	-0.00322346
0.00131	0.513647	0.00131	0.0396342	0.00131	0.470467	0.00131	-0.00225674
0.00132	0.51268	0.00132	0.0428565	0.00132	0.469178	0.00132	-0.00129003
0.00133	0.511391	0.00133	0.0396342	0.00133	0.469178	0.00133	0.000643397
0.00134	0.510746	0.00134	0.0344784	0.00134	0.472722	0.00134	0.000965635
0.00135	0.512358	0.00135	0.0335117	0.00135	0.478523	0.00135	0.00193235
0.00136	0.512358	0.00136	0.0206221	0.00136	0.484967	0.00136	0.00289906
0.00137	0.508813	0.00137	0.0128884	0.00137	0.493668	0.00137	0.00289906
0.00138	0.508491	0.00138	0.00354354	0.00138	0.502691	0.00138	0.00289906
0.00139	0.510424	0.00139	-0.00290122	0.00139	0.512035	0.00139	0.0032213
0.0014	0.512035	0.0014	-0.0106349	0.0014	0.520414	0.0014	0.00257682
0.00141	0.509135	0.00141	-0.0209465	0.00141	0.528147	0.00141	0.00193235
0.00142	0.511391	0.00142	-0.0251356	0.00142	0.533625	0.00142	0.000965635
0.00143	0.50978	0.00143	-0.0319026	0.00143	0.538459	0.00143	0.000321159
0.00144	0.50978	0.00144	-0.0331916	0.00144	0.541037	0.00144	-1.08E-06
0.00145	0.511391	0.00145	-0.0325471	0.00145	0.542326	0.00145	-0.00129003
0.00146	0.511713	0.00146	-0.0306137	0.00146	0.541681	0.00146	-0.0019345
0.00147	0.514613	0.00147	-0.0261023	0.00147	0.539103	0.00147	-0.00290122
0.00148	0.512035	0.00148	-0.021591	0.00148	0.533948	0.00148	-0.00290122
0.00149	0.513324	0.00149	-0.0170797	0.00149	0.528792	0.00149	-0.00386793
0.0015	0.513647	0.0015	-0.00966821	0.0015	0.522347	0.0015	-0.00354569
0.00151	0.513647	0.00151	-0.0019345	0.00151	0.515902	0.00151	-0.00386793
0.00152	0.514936	0.00152	0.00386577	0.00152	0.509135	0.00152	-0.00386793
0.00153	0.512358	0.00153	0.0106328	0.00153	0.503335	0.00153	-0.00322346
0.00154	0.512358	0.00154	0.0157886	0.00154	0.49689	0.00154	-0.00257898
0.00155	0.515258	0.00155	0.0199777	0.00155	0.49399	0.00155	-0.00225674
0.00156	0.511713	0.00156	0.0202999	0.00156	0.489801	0.00156	-0.00161227
0.00157	0.513002	0.00157	0.0232	0.00157	0.48819	0.00157	-0.00129003
0.00158	0.512035	0.00158	0.0228778	0.00158	0.487868	0.00158	-0.000323316
0.00159	0.511391	0.00159	0.0235223	0.00159	0.489801	0.00159	-0.000323316
0.0016	0.511713	0.0016	0.019011	0.0016	0.49109	0.0016	0.000643397
0.00161	0.510746	0.00161	0.0144996	0.00161	0.494635	0.00161	0.000965635
0.00162	0.513002	0.00162	0.0083771	0.00162	0.49979	0.00162	0.000643397
0.00163	0.50978	0.00163	0.0057992	0.00163	0.503657	0.00163	0.000643397
0.00164	0.510746	0.00164	0.00161011	0.00164	0.508813	0.00164	0.000321159
0.00165	0.508813	0.00165	-0.00741255	0.00165	0.513969	0.00165	0.000965635
0.00166	0.512035	0.00166	-0.0109572	0.00166	0.517513	0.00166	0.000321159
0.00167	0.509135	0.00167	-0.0106349	0.00167	0.522025	0.00167	-1.08E-06
0.00168	0.511713	0.00168	-0.0135351	0.00168	0.524925	0.00168	-1.08E-06
0.00169	0.50978	0.00169	-0.0157907	0.00169	0.527181	0.00169	-0.000323316
0.0017	0.509458	0.0017	-0.0167574	0.0017	0.527825	0.0017	-0.00129003
0.00171	0.511713	0.00171	-0.014824	0.00171	0.52847	0.00171	-0.000967792
0.00172	0.513647	0.00172	-0.0151463	0.00172	0.526214	0.00172	-0.0019345
0.00173	0.511069	0.00173	-0.0138573	0.00173	0.524925	0.00173	-0.00257898
0.00174	0.513647	0.00174	-0.0119239	0.00174	0.522347	0.00174	-0.00225674
0.00175	0.511391	0.00175	-0.0061236	0.00175	0.518802	0.00175	-0.00225674
0.00176	0.512358	0.00176	-0.00225674	0.00176	0.514613	0.00176	-0.00290122
0.00177	0.513002	0.00177	0.00225459	0.00177	0.511391	0.00177	-0.00290122
0.00178	0.51268	0.00178	0.00354354	0.00178	0.508491	0.00178	-0.00225674
0.00179	0.511713	0.00179	0.00451025	0.00179	0.505268	0.00179	-0.00257898
0.0018	0.513647	0.0018	0.0083771	0.0018	0.502691	0.0018	-0.00225674
0.00181	0.511391	0.00181	0.00934382	0.00181	0.500757	0.00181	-0.00161227
0.00182	0.511069	0.00182	0.0125662	0.00182	0.499146	0.00182	-0.00161227
0.00183	0.510424	0.00183	0.0119217	0.00183	0.499146	0.00183	-0.000967792
0.00184	0.510424	0.00184	0.0083771	0.00184	0.499146	0.00184	-1.08E-06
0.00185	0.511069	0.00185	0.0083771	0.00185	0.500113	0.00185	-0.000645554
0.00186	0.510424	0.00186	0.0057992	0.00186	0.501724	0.00186	-0.000645554
0.00187	0.510424	0.00187	0.00612144	0.00187	0.504302	0.00187	-1.08E-06
0.00188	0.510424	0.00188	0.00289906	0.00188	0.506557	0.00188	-1.08E-06
0.00189	0.512358	0.00189	-0.000323316	0.00189	0.508491	0.00189	-1.08E-06
0.0019	0.511069	0.0019	-0.00257898	0.0019	0.512035	0.0019	-1.08E-06
0.00191	0.510102	0.00191	-0.00805702	0.00191	0.514291	0.00191	-1.08E-06
0.00192	0.51268	0.00192	-0.00580136	0.00192	0.515902	0.00192	-0.000323316
0.00193	0.510424	0.00193	-0.00902374	0.00193	0.518802	0.00193	-0.000967792
0.00194	0.511713	0.00194	-0.0112794	0.00194	0.519125	0.00194	-0.000645554
0.00195	0.511713	0.00195	-0.00902374	0.00195	0.520414	0.00195	-0.000323316
0.00196	0.513002	0.00196	-0.00966821	0.00196	0.520414	0.00196	-0.00129003
0.00197	0.510746	0.00197	-0.00999045	0.00197	0.519769	0.00197	-0.00161227
0.00198	0.511713	0.00198	-0.00805702	0.00198	0.518802	0.00198	-0.00161227
0.00199	0.51268	0.00199	-0.00580136	0.00199	0.517191	0.00199	-0.00161227
0.002	0.515258	0.002	-0.00451241	0.002	0.516225	0.002	-0.00161227
0.00201	0.511713	0.00201	-1.08E-06	0.00201	0.514291	0.00201	-0.00225674
0.00202	0.50978	0.00202	0.00193235	0.00202	0.512035	0.00202	-0.00225674
0.00203	0.51268	0.00203	-1.08E-06	0.00203	0.510102	0.00203	-0.00129003
0.00204	0.510746	0.00204	0.00225459	0.00204	0.507846	0.00204	-0.00161227
0.00205	0.511713	0.00205	0.00515473	0.00205	0.50688	0.00205	-0.0019345
0.00206	0.513969	0.00206	0.00515473	0.00206	0.505591	0.00206	-0.000967792
0.00207	0.513969	0.00207	0.00644368	0.00207	0.504302	0.00207	-0.00129003
0.00208	0.510424	0.00208	0.00386577	0.00208	0.504624	0.00208	-0.000645554
0.00209	0.512358	0.00209	0.00708815	0.00209	0.503979	0.00209	-0.000967792
0.0021	0.50978	0.0021	0.00644368	0.0021	0.504624	0.0021	-0.000967792
0.00211	0.512358	0.00211	0.00418801	0.00211	0.505591	0.00211	-0.000645554
0.00212	0.510102	0.00212	0.00225459	0.00212	0.506235	0.00212	-0.000645554
0.00213	0.511713	0.00213	0.00193235	0.00213	0.508169	0.00213	-0.000645554
0.00214	0.513324	0.00214	0.00354354	0.00214	0.509458	0.00214	-1.08E-06
0.00215	0.511069	0.00215	-0.000645554	0.00215	0.510746	0.00215	-0.000645554
0.00216	0.512035	0.00216	-0.00161227	0.00216	0.512035	0.00216	-0.000323316
0.00217	0.509135	0.00217	-0.00322346	0.00217	0.513324	0.00217	-0.000967792
0.00218	0.50978	0.00218	-0.00419017	0.00218	0.514613	0.00218	-0.000645554
0.00219	0.510746	0.00219	-0.00386793	0.00219	0.515902	0.00219	-0.000967792
0.0022	0.510424	0.0022	-0.00741255	0.0022	0.516225	0.0022	-0.000967792
0.00221	0.512358	0.00221	-0.00580136	0.00221	0.516225	0.00221	-0.00161227
0.00222	0.512358	0.00222	-0.00676807	0.00222	0.515902	0.00222	-0.000645554
0.00223	0.51268	0.00223	-0.00451241	0.00223	0.516225	0.00223	-0.000967792
0.00224	0.515258	0.00224	-0.00483464	0.00224	0.51558	0.00224	-0.00161227
0.00225	0.51268	0.00225	-0.00419017	0.00225	0.514936	0.00225	-0.0019345
0.00226	0.514613	0.00226	-0.00322346	0.00226	0.513002	0.00226	-0.00161227
0.00227	0.511069	0.00227	-0.000967792	0.00227	0.513002	0.00227	-0.00129003
0.00228	0.511391	0.00228	-1.08E-06	0.00228	0.511391	0.00228	-0.00161227
0.00229	0.513969	0.00229	-0.00161227	0.00229	0.510424	0.00229	-0.00161227
0.0023	0.510746	0.0023	0.00225459	0.0023	0.509458	0.0023	-0.00161227
0.00231	0.511069	0.00231	0.00354354	0.00231	0.508491	0.00231	-0.00129003
0.00232	0.514291	0.00232	0.000643397	0.00232	0.508169	0.00232	-0.000967792
0.00233	0.51268	0.00233	0.0032213	0.00233	0.507524	0.00233	-0.00161227
0.00234	0.511391	0.00234	0.00128787	0.00234	0.507524	0.00234	-0.00129003
0.00235	0.509458	0.00235	0.00354354	0.00235	0.508491	0.00235	-0.00129003
0.00236	0.512358	0.00236	-1.08E-06	0.00236	0.507846	0.00236	-0.000645554
0.00237	0.509458	0.00237	0.00257682	0.00237	0.508491	0.00237	-0.000645554
0.00238	0.510746	0.00238	0.00225459	0.00238	0.509135	0.00238	-0.000645554
0.00239	0.511391	0.00239	-1.08E-06	0.00239	0.50978	0.00239	-0.000645554
0.0024	0.510102	0.0024	-0.000323316	0.0024	0.510424	0.0024	-0.000323316
0.00241	0.510424	0.00241	-0.0019345	0.00241	0.511391	0.00241	-0.00129003
0.00242	0.512035	0.00242	-0.00257898	0.00242	0.511713	0.00242	-0.000645554
0.00243	0.512035	0.00243	-0.00257898	0.00243	0.513002	0.00243	-0.000323316
0.00244	0.510102	0.00244	-0.00161227	0.00244	0.512358	0.00244	-0.00129003
0.00245	0.513647	0.00245	0.000321159	0.00245	0.513647	0.00245	-0.00129003
0.00246	0.511069	0.00246	-0.00257898	0.00246	0.513002	0.00246	-0.00129003
0.00247	0.512358	0.00247	-0.00290122	0.00247	0.513647	0.00247	-0.00161227
0.00248	0.511069	0.00248	-0.00515688	0.00248	0.513647	0.00248	-0.00161227
0.00249	0.509458	0.00249	-0.00225674	0.00249	0.513647	0.00249	-0.000967792
0.0025	0.481423	0.0025	-0.974124	0.0025	0.505268	0.0025	-0.0164352
0.00251	-0.464667	0.00251	-0.909676	0.00251	0.454677	0.00251	-0.0383474
0.00252	-0.459189	0.00252	-0.795282	0.00252	0.358972	0.00252	-0.055426
0.00253	-0.449844	0.00253	-0.650598	0.00253	0.226854	0.00253	-0.0686377
0.00254	-0.445655	0.00254	-0.481746	0.00254	0.0683133	0.00254	-0.0779826
0.00255	-0.441144	0.00255	-0.297749	0.00255	-0.107306	0.00255	-0.0834606
0.00256	-0.436311	0.00256	-0.109562	0.00256	-0.293882	0.00256	-0.0850718
0.00257	-0.437277	0.00257	0.076047	0.00257	-0.480457	0.00257	-0.0837829
0.00258	-0.439211	0.00258	0.255856	0.00258	-0.659298	0.00258	-0.0770159
0.00259	-0.440177	0.00259	0.408275	0.00259	-0.821383	0.00259	-0.0679932
0.0026	-0.448556	0.0026	0.538137	0.0026	-0.959623	0.0026	-0.055426
0.00261	-0.453711	0.00261	0.633197	0.00261	-1.06854	0.00261	-0.0409253
0.00262	-0.464667	0.00262	0.696034	0.00262	-1.14523	0.00262	-0.0257801
0.00263	-0.47079	0.00263	0.721168	0.00263	-1.18615	0.00263	-0.00966821
0.00264	-0.478201	0.00264	0.710857	0.00264	-1.19099	0.00264	0.00741039
0.00265	-0.486902	0.00265	0.664777	0.00265	-1.15941	0.00265	0.0225556
0.00266	-0.496891	0.00266	0.58325	0.00266	-1.094	0.00266	0.0360896
0.00267	-0.500758	0.00267	0.477556	0.00267	-1.00119	0.00267	0.0454345
0.00268	-0.507203	0.00268	0.357361	0.00268	-0.888731	0.00268	0.0528459
0.00269	-0.508814	0.00269	0.222988	0.00269	-0.761125	0.00269	0.0576795
0.0027	-0.512681	0.0027	0.0870031	0.0027	-0.625464	0.0027	0.0596129
0.00271	-0.514614	0.00271	-0.0528481	0.00271	-0.488835	0.00271	0.058324
0.00272	-0.513003	0.00272	-0.185288	0.00272	-0.357362	0.00272	0.0538126
0.00273	-0.510103	0.00273	-0.297749	0.00273	-0.237812	0.00273	0.0464012
0.00274	-0.506236	0.00274	-0.389908	0.00274	-0.13663	0.00274	0.0373785
0.00275	-0.501402	0.00275	-0.4579	0.00275	-0.0560704	0.00275	0.0270669
0.00276	-0.494635	0.00276	-0.503336	0.00276	-0.000645554	0.00276	0.0157886
0.00277	-0.488513	0.00277	-0.521703	0.00277	0.0277114	0.00277	0.00289906
0.00278	-0.481101	0.00278	-0.511392	0.00278	0.0286781	0.00278	-0.00934597
0.00279	-0.476912	0.00279	-0.474012	0.00279	0.000965635	0.00279	-0.0209465
0.0028	-0.472723	0.0028	-0.411176	0.0028	-0.0502702	0.0028	-0.0302914
0.00281	-0.464345	0.00281	-0.331906	0.00281	-0.120518	0.00281	-0.0377029
0.00282	-0.463378	0.00282	-0.238779	0.00282	-0.206555	0.00282	-0.0425365
0.00283	-0.459834	0.00283	-0.141463	0.00283	-0.301938	0.00283	-0.0454366
0.00284	-0.4579	0.00284	-0.0377029	0.00284	-0.403442	0.00284	-0.0457588
0.00285	-0.459189	0.00285	0.0592907	0.00285	-0.502047	0.00285	-0.0441476
0.00286	-0.460156	0.00286	0.154351	0.00286	-0.597107	0.00286	-0.0399586
0.00287	-0.461445	0.00287	0.231688	0.00287	-0.680566	0.00287	-0.0348028
0.00288	-0.464023	0.00288	0.294847	0.00288	-0.750814	0.00288	-0.0273913
0.00289	-0.468856	0.00289	0.342216	0.00289	-0.80366	0.00289	-0.0203021
0.0029	-0.47369	0.0029	0.369284	0.0029	-0.837818	0.0029	-0.0106349
0.00291	-0.477879	0.00291	0.373151	0.00291	-0.851351	0.00291	-0.0019345
0.00292	-0.481101	0.00292	0.357361	0.00292	-0.844262	0.00292	0.00741039
0.00293	-0.488835	0.00293	0.320626	0.00293	-0.818161	0.00293	0.0151441
0.00294	-0.493991	0.00294	0.27229	0.00294	-0.774337	0.00294	0.0219111
0.00295	-0.494958	0.00295	0.209454	0.00295	-0.717301	0.00295	0.0264224
0.00296	-0.499147	0.00296	0.138561	0.00296	-0.650598	0.00296	0.029967
0.00297	-0.499147	0.00297	0.065091	0.00297	-0.578739	0.00297	0.0309337
0.00298	-0.498825	0.00298	-0.0106349	0.00298	-0.504303	0.00298	0.0315782
0.00299	-0.500113	0.00299	-0.079916	0.00299	-0.431799	0.00299	0.0290003
0.003	-0.496247	0.003	-0.146619	0.003	-0.366063	0.003	0.0248112
0.00301	-0.496891	0.00301	-0.198822	0.00301	-0.308382	0.00301	0.0202999
0.00302	-0.493669	0.00302	-0.23749	0.00302	-0.263591	0.00302	0.0148219
0.00303	-0.489157	0.00303	-0.265525	0.00303	-0.23169	0.00303	0.00869934
0.00304	-0.487546	0.00304	-0.274225	0.00304	-0.215578	0.00304	0.00128787
0.00305	-0.484002	0.00305	-0.270358	0.00305	-0.214289	0.00305	-0.00580136
0.00306	-0.481424	0.00306	-0.248446	0.00306	-0.228145	0.00306	-0.0112794
0.00307	-0.476268	0.00307	-0.215256	0.00307	-0.255535	0.00307	-0.0167574
0.00308	-0.474979	0.00308	-0.171754	0.00308	-0.294204	0.00308	-0.0206243
0.00309	-0.475301	0.00309	-0.122451	0.00309	-0.341573	0.00309	-0.0238467
0.0031	-0.47079	0.0031	-0.0667043	0.0031	-0.393453	0.0031	-0.0251356
0.00311	-0.468856	0.00311	-0.0119239	0.00311	-0.447911	0.00311	-0.0257801
0.00312	-0.469501	0.00312	0.0422121	0.00312	-0.502691	0.00312	-0.0241689
0.00313	-0.469179	0.00313	0.0921589	0.00313	-0.552638	0.00313	-0.0219132
0.00314	-0.469823	0.00314	0.129861	0.00314	-0.596785	0.00314	-0.0190131
0.00315	-0.474657	0.00315	0.164018	0.00315	-0.632875	0.00315	-0.0145018
0.00316	-0.475946	0.00316	0.18593	0.00316	-0.659298	0.00316	-0.0103127
0.00317	-0.477879	0.00317	0.194953	0.00317	-0.673799	0.00317	-0.00515688
0.00318	-0.481101	0.00318	0.193664	0.00318	-0.677021	0.00318	0.000643397
0.00319	-0.482713	0.00319	0.182063	0.00319	-0.66961	0.00319	0.00515473
0.0032	-0.485613	0.0032	0.157573	0.0032	-0.651565	0.0032	0.00869934
0.00321	-0.485935	0.00321	0.130505	0.00321	-0.624819	0.00321	0.012244
0.00322	-0.488835	0.00322	0.0950591	0.00322	-0.590984	0.00322	0.0148219
0.00323	-0.490769	0.00323	0.0547793	0.00323	-0.552638	0.00323	0.0161108
0.00324	-0.490446	0.00324	0.00902158	0.00324	-0.513003	0.00324	0.0154663
0.00325	-0.490769	0.00325	-0.0264246	0.00325	-0.472079	0.00325	0.0148219
0.00326	-0.492058	0.00326	-0.0641264	0.00326	-0.434377	0.00326	0.0135329
0.00327	-0.490124	0.00327	-0.0957057	0.00327	-0.401187	0.00327	0.0112772
0.00328	-0.490124	0.00328	-0.12084	0.00328	-0.373797	0.00328	0.0083771
0.00329	-0.486902	0.00329	-0.138886	0.00329	-0.352851	0.00329	0.00483249
0.0033	-0.485935	0.0033	-0.148875	0.0033	-0.341895	0.0033	0.00128787
0.00331	-0.485935	0.00331	-0.149519	0.00331	-0.338673	0.00331	-0.00257898
0.00332	-0.47949	0.00332	-0.137274	0.00332	-0.343506	0.00332	-0.0061236
0.00333	-0.480135	0.00333	-0.123418	0.00333	-0.356718	0.00333	-0.00934597
0.00334	-0.477557	0.00334	-0.098928	0.00334	-0.377019	0.00334	-0.0112794
0.00335	-0.474979	0.00335	-0.0718601	0.00335	-0.400542	0.00335	-0.0135351
0.00336	-0.476268	0.00336	-0.0409253	0.00336	-0.429221	0.00336	-0.0138573
0.00337	-0.477557	0.00337	-0.0125684	0.00337	-0.458545	0.00337	-0.0141795
0.00338	-0.473368	0.00338	0.0148219	0.00338	-0.488835	0.00338	-0.0138573
0.00339	-0.476912	0.00339	0.0444677	0.00339	-0.516225	0.00339	-0.0128906
0.0034	-0.47369	0.0034	0.0663799	0.0034	-0.54136	0.0034	-0.0106349
0.00341	-0.475946	0.00341	0.0873254	0.00341	-0.561338	0.00341	-0.0087015
0.00342	-0.47949	0.00342	0.100859	0.00342	-0.576161	0.00342	-0.00644583
0.00343	-0.47949	0.00343	0.102471	0.00343	-0.58454	0.00343	-0.00322346
0.00344	-0.483679	0.00344	0.105693	0.00344	-0.587117	0.00344	-1.08E-06
0.00345	-0.484646	0.00345	0.0986037	0.00345	-0.582928	0.00345	0.00161011
0.00346	-0.484646	0.00346	0.0876476	0.00346	-0.572939	0.00346	0.00418801
0.00347	-0.484646	0.00347	0.0686356	0.00347	-0.558761	0.00347	0.00612144
0.00348	-0.489157	0.00348	0.0493013	0.00348	-0.541038	0.00348	0.00773263
0.00349	-0.487546	0.00349	0.0277114	0.00349	-0.51977	0.00349	0.00741039
0.0035	-0.488191	0.0035	0.00773263	0.0035	-0.497858	0.0035	0.0083771
0.00351	-0.487546	0.00351	-0.0164352	0.00351	-0.474657	0.00351	0.00773263
0.00352	-0.485935	0.00352	-0.0354472	0.00352	-0.454678	0.00352	0.00708815
0.00353	-0.487546	0.00353	-0.0557482	0.00353	-0.436633	0.00353	0.00515473
0.00354	-0.485935	0.00354	-0.0692822	0.00354	-0.422132	0.00354	0.00354354
0.00355	-0.485935	0.00355	-0.0747602	0.00355	-0.411821	0.00355	0.00193235
0.00356	-0.484324	0.00356	-0.081205	0.00356	-0.405376	0.00356	-1.08E-06
0.00357	-0.483035	0.00357	-0.0783048	0.00357	-0.404409	0.00357	-0.00257898
0.00358	-0.47949	0.00358	-0.0741157	0.00358	-0.407631	0.00358	-0.00419017
0.00359	-0.482068	0.00359	-0.0654153	0.00359	-0.415043	0.00359	-0.0061236
0.0036	-0.481101	0.0036	-0.0538148	0.0036	-0.426643	0.0036	-0.00741255
0.00361	-0.482068	0.00361	-0.0396363	0.00361	-0.439855	0.00361	-0.00805702
0.00362	-0.478846	0.00362	-0.0206243	0.00362	-0.455645	0.00362	-0.00837926
0.00363	-0.476912	0.00363	-0.00290122	0.00363	-0.471434	0.00363	-0.00837926
0.00364	-0.479813	0.00364	0.0144996	0.00364	-0.487868	0.00364	-0.00837926
0.00365	-0.476912	0.00365	0.0277114	0.00365	-0.503336	0.00365	-0.00741255
0.00366	-0.47949	0.00366	0.0377007	0.00366	-0.516225	0.00366	-0.00644583
0.00367	-0.478846	0.00367	0.0486568	0.00367	-0.526215	0.00367	-0.00547912
0.00368	-0.480779	0.00368	0.0518792	0.00368	-0.533948	0.00368	-0.00354569
0.00369	-0.481746	0.00369	0.0567128	0.00369	-0.537815	0.00369	-0.00257898
0.0037	-0.484002	0.0037	0.0538126	0.0037	-0.53846	0.0037	-0.000967792
0.00371	-0.485291	0.00371	0.0493013	0.00371	-0.534915	0.00371	0.000643397
0.00372	-0.484968	0.00372	0.0460789	0.00372	-0.529437	0.00372	0.00193235
0.00373	-0.486257	0.00373	0.0331894	0.00373	-0.520092	0.00373	0.00257682
0.00374	-0.482713	0.00374	0.0228778	0.00374	-0.510103	0.00374	0.00354354
0.00375	-0.484002	0.00375	0.0112772	0.00375	-0.498502	0.00375	0.0032213
0.00376	-0.484968	0.00376	-0.00161227	0.00376	-0.486257	0.00376	0.00386577
0.00377	-0.48658	0.00377	-0.0151463	0.00377	-0.474657	0.00377	0.0032213
0.00378	-0.484968	0.00378	-0.0241689	0.00378	-0.463701	0.00378	0.00289906
0.00379	-0.485291	0.00379	-0.0331916	0.00379	-0.453389	0.00379	0.00193235
0.0038	-0.486257	0.0038	-0.0412475	0.0038	-0.447267	0.0038	0.000643397
0.00381	-0.483679	0.00381	-0.0444699	0.00381	-0.441789	0.00381	0.000321159
0.00382	-0.48239	0.00382	-0.0438254	0.00382	-0.440177	0.00382	-0.00129003
0.00383	-0.483679	0.00383	-0.0431809	0.00383	-0.440822	0.00383	-0.00257898
0.00384	-0.48239	0.00384	-0.0377029	0.00384	-0.442755	0.00384	-0.00322346
0.00385	-0.482068	0.00385	-0.0348028	0.00385	-0.447589	0.00385	-0.00451241
0.00386	-0.480135	0.00386	-0.0261023	0.00386	-0.454678	0.00386	-0.00483464
0.00387	-0.480779	0.00387	-0.0174019	0.00387	-0.461767	0.00387	-0.00547912
0.00388	-0.480457	0.00388	-0.00999045	0.00388	-0.471434	0.00388	-0.00515688
0.00389	-0.480779	0.00389	-1.08E-06	0.00389	-0.480135	0.00389	-0.00547912
0.0039	-0.480135	0.0039	0.0103105	0.0039	-0.488835	0.0039	-0.00547912
0.00391	-0.478524	0.00391	0.0157886	0.00391	-0.495602	0.00391	-0.00483464
0.00392	-0.47949	0.00392	0.0215889	0.00392	-0.502691	0.00392	-0.00419017
0.00393	-0.480779	0.00393	0.0257779	0.00393	-0.508492	0.00393	-0.00290122
0.00394	-0.484324	0.00394	0.031256	0.00394	-0.51107	0.00394	-0.00225674
0.00395	-0.482713	0.00395	0.0309337	0.00395	-0.512358	0.00395	-0.00161227
0.00396	-0.480457	0.00396	0.0293226	0.00396	-0.512036	0.00396	-0.00129003
0.00397	-0.483679	0.00397	0.0235223	0.00397	-0.510103	0.00397	-1.08E-06
0.00398	-0.485935	0.00398	0.0193332	0.00398	-0.505914	0.00398	0.00128787
0.00399	-0.480779	0.00399	0.0125662	0.00399	-0.50108	0.00399	0.000643397
0.004	-0.482713	0.004	0.00902158	0.004	-0.494313	0.004	0.00161011
0.00401	-0.484002	0.00401	0.00289906	0.00401	-0.487546	0.00401	0.00128787
0.00402	-0.482713	0.00402	-0.00354569	0.00402	-0.482068	0.00402	0.00128787
0.00403	-0.481746	0.00403	-0.00902374	0.00403	-0.474657	0.00403	0.000965635
0.00404	-0.482713	0.00404	-0.0170797	0.00404	-0.469501	0.00404	0.000965635
0.00405	-0.483679	0.00405	-0.0167574	0.00405	-0.46499	0.00405	0.000321159
0.00406	-0.479813	0.00406	-0.0238467	0.00406	-0.461767	0.00406	-0.000323316
0.00407	-0.481424	0.00407	-0.0254579	0.00407	-0.459834	0.00407	-0.000323316
0.00408	-0.481101	0.00408	-0.0225577	0.00408	-0.459189	0.00408	-0.0019345
0.00409	-0.483357	0.00409	-0.0244911	0.00409	-0.459834	0.00409	-0.0019345
0.0041	-0.480779	0.0041	-0.0199798	0.0041	-0.461445	0.0041	-0.00257898
0.00411	-0.481424	0.00411	-0.0183686	0.00411	-0.464023	0.00411	-0.00290122
0.00412	-0.481746	0.00412	-0.0141795	0.00412	-0.468534	0.00412	-0.00386793
0.00413	-0.48239	0.00413	-0.00934597	0.00413	-0.473046	0.00413	-0.00386793
0.00414	-0.48239	0.00414	-0.00257898	0.00414	-0.477235	0.00414	-0.00419017
0.00415	-0.479813	0.00415	0.00289906	0.00415	-0.483035	0.00415	-0.00322346
0.00416	-0.480779	0.00416	0.00386577	0.00416	-0.488191	0.00416	-0.00354569
0.00417	-0.47949	0.00417	0.00902158	0.00417	-0.491735	0.00417	-0.00354569
0.00418	-0.482068	0.00418	0.0106328	0.00418	-0.494958	0.00418	-0.00257898
0.00419	-0.479813	0.00419	0.0115995	0.00419	-0.497536	0.00419	-0.00257898
0.0042	-0.481101	0.0042	0.0180442	0.0042	-0.498502	0.0042	-0.00161227
0.00421	-0.483357	0.00421	0.0148219	0.00421	-0.498502	0.00421	-0.0019345
0.00422	-0.480457	0.00422	0.0161108	0.00422	-0.497858	0.00422	-0.000967792
0.00423	-0.48239	0.00423	0.0125662	0.00423	-0.496247	0.00423	-1.08E-06
0.00424	-0.485291	0.00424	0.0083771	0.00424	-0.493991	0.00424	-1.08E-06
0.00425	-0.481424	0.00425	0.00451025	0.00425	-0.491091	0.00425	-0.000323316
0.00426	-0.483035	0.00426	0.000965635	0.00426	-0.486902	0.00426	-1.08E-06
0.00427	-0.481746	0.00427	-0.00322346	0.00427	-0.483035	0.00427	-1.08E-06
0.00428	-0.48239	0.00428	-0.0019345	0.00428	-0.479813	0.00428	-1.08E-06
0.00429	-0.482713	0.00429	-0.00902374	0.00429	-0.476268	0.00429	-0.000323316
0.0043	-0.484646	0.0043	-0.0116016	0.0043	-0.47369	0.0043	-0.000323316
0.00431	-0.482068	0.00431	-0.0132128	0.00431	-0.471434	0.00431	-0.000645554
0.00432	-0.48239	0.00432	-0.0154685	0.00432	-0.470145	0.00432	-0.000967792
0.00433	-0.477879	0.00433	-0.014824	0.00433	-0.469501	0.00433	-0.00161227
0.00434	-0.483035	0.00434	-0.0167574	0.00434	-0.469823	0.00434	-0.00161227
0.00435	-0.482068	0.00435	-0.0132128	0.00435	-0.469823	0.00435	-0.0019345
0.00436	-0.481424	0.00436	-0.0145018	0.00436	-0.471757	0.00436	-0.00225674
0.00437	-0.482068	0.00437	-0.0103127	0.00437	-0.47369	0.00437	-0.00290122
0.00438	-0.482068	0.00438	-0.00966821	0.00438	-0.47659	0.00438	-0.00257898
0.00439	-0.484324	0.00439	-0.00580136	0.00439	-0.478846	0.00439	-0.00290122
0.0044	-0.479813	0.0044	-0.000645554	0.0044	-0.481746	0.0044	-0.00290122
0.00441	-0.483035	0.00441	0.00257682	0.00441	-0.484646	0.00441	-0.00322346
0.00442	-0.482068	0.00442	0.0032213	0.00442	-0.48658	0.00442	-0.0019345
0.00443	-0.479813	0.00443	0.0032213	0.00443	-0.488835	0.00443	-0.00161227
0.00444	-0.480135	0.00444	0.00644368	0.00444	-0.490124	0.00444	-0.0019345
0.00445	-0.484002	0.00445	0.00741039	0.00445	-0.491091	0.00445	-0.0019345
0.00446	-0.480779	0.00446	0.0106328	0.00446	-0.491413	0.00446	-0.00161227
0.00447	-0.483357	0.00447	0.0083771	0.00447	-0.491091	0.00447	-0.00129003
0.00448	-0.48239	0.00448	0.0057992	0.00448	-0.490446	0.00448	-0.000645554
0.00449	-0.484324	0.00449	0.00483249	0.00449	-0.48948	0.00449	-0.000967792
0.0045	-0.480779	0.0045	0.0032213	0.0045	-0.487868	0.0045	-0.000323316
0.00451	-0.482713	0.00451	0.00257682	0.00451	-0.485291	0.00451	-0.000323316
0.00452	-0.484968	0.00452	-0.00386793	0.00452	-0.484002	0.00452	-0.000645554
0.00453	-0.480779	0.00453	-0.00322346	0.00453	-0.481746	0.00453	-0.00129003
0.00454	-0.481746	0.00454	-0.00419017	0.00454	-0.47949	0.00454	-0.000323316
0.00455	-0.485291	0.00455	-0.00483464	0.00455	-0.477879	0.00455	-0.000323316
0.00456	-0.483035	0.00456	-0.00580136	0.00456	-0.476912	0.00456	-0.000967792
0.00457	-0.483679	0.00457	-0.00805702	0.00457	-0.475301	0.00457	-0.00161227
0.00458	-0.483035	0.00458	-0.0061236	0.00458	-0.474979	0.00458	-0.00129003
0.00459	-0.482713	0.00459	-0.00999045	0.00459	-0.474335	0.00459	-0.00161227
0.0046	-0.484646	0.0046	-0.00676807	0.0046	-0.475301	0.0046	-0.000967792
0.00461	-0.48239	0.00461	-0.00773478	0.00461	-0.475301	0.00461	-0.00161227
0.00462	-0.480457	0.00462	-0.00386793	0.00462	-0.47659	0.00462	-0.0019345
0.00463	-0.482713	0.00463	-0.00515688	0.00463	-0.477235	0.00463	-0.0019345
0.00464	-0.483035	0.00464	-0.000645554	0.00464	-0.47949	0.00464	-0.00290122
0.00465	-0.480135	0.00465	-0.00322346	0.00465	-0.480135	0.00465	-0.0019345
0.00466	-0.484324	0.00466	0.00193235	0.00466	-0.482713	0.00466	-0.0019345
0.00467	-0.480779	0.00467	0.00289906	0.00467	-0.483357	0.00467	-0.00161227
0.00468	-0.483357	0.00468	0.00289906	0.00468	-0.484968	0.00468	-0.0019345
0.00469	-0.481424	0.00469	0.00257682	0.00469	-0.485935	0.00469	-0.00225674
0.0047	-0.481424	0.0047	0.00257682	0.0047	-0.486902	0.0047	-0.00129003
0.00471	-0.482068	0.00471	0.00128787	0.00471	-0.486902	0.00471	-0.00129003
0.00472	-0.484646	0.00472	0.00257682	0.00472	-0.486257	0.00472	-0.000967792
0.00473	-0.483679	0.00473	0.00225459	0.00473	-0.48658	0.00473	-0.00161227
0.00474	-0.484968	0.00474	0.00289906	0.00474	-0.48658	0.00474	-0.000967792
0.00475	-0.485291	0.00475	0.00289906	0.00475	-0.485613	0.00475	-0.00129003
0.00476	-0.483035	0.00476	0.00225459	0.00476	-0.484646	0.00476	-0.000967792
0.00477	-0.483357	0.00477	-0.00225674	0.00477	-0.483357	0.00477	-0.00129003
0.00478	-0.483679	0.00478	-0.00225674	0.00478	-0.482068	0.00478	-0.000645554
0.00479	-0.481746	0.00479	-0.0019345	0.00479	-0.480779	0.00479	-0.00129003
0.0048	-0.481746	0.0048	-0.00257898	0.0048	-0.479813	0.0048	-0.000967792
0.00481	-0.483035	0.00481	-0.0061236	0.00481	-0.47949	0.00481	-0.00129003
0.00482	-0.481101	0.00482	-0.00419017	0.00482	-0.478524	0.00482	-0.000967792
0.00483	-0.483035	0.00483	-0.00773478	0.00483	-0.477879	0.00483	-0.00129003
0.00484	-0.481424	0.00484	-0.00483464	0.00484	-0.478201	0.00484	-0.000967792
0.00485	-0.482068	0.00485	-0.00580136	0.00485	-0.477879	0.00485	-0.00129003
0.00486	-0.481746	0.00486	-0.00515688	0.00486	-0.478201	0.00486	-0.00129003
0.00487	-0.481101	0.00487	-0.00483464	0.00487	-0.478524	0.00487	-0.00161227
0.00488	-0.48239	0.00488	-0.00322346	0.00488	-0.478846	0.00488	-0.00225674
0.00489	-0.481746	0.00489	-0.00290122	0.00489	-0.479813	0.00489	-0.00161227
0.0049	-0.480135	0.0049	-0.00419017	0.0049	-0.480779	0.0049	-0.00225674
0.00491	-0.481101	0.00491	-1.08E-06	0.00491	-0.481101	0.00491	-0.00129003
0.00492	-0.480457	0.00492	-0.00129003	0.00492	-0.48239	0.00492	-0.00225674
0.00493	-0.481424	0.00493	0.000321159	0.00493	-0.483357	0.00493	-0.0019345
0.00494	-0.482713	0.00494	-0.0019345	0.00494	-0.483035	0.00494	-0.00161227
0.00495	-0.480779	0.00495	0.00225459	0.00495	-0.484324	0.00495	-0.0019345
0.00496	-0.482068	0.00496	0.00289906	0.00496	-0.484646	0.00496	-0.00129003
0.00497	-0.482068	0.00497	0.0032213	0.00497	-0.484324	0.00497	-0.00129003
0.00498	-0.479813	0.00498	-0.00129003	0.00498	-0.484324	0.00498	-0.00129003
0.00499	-0.480779	0.00499	-0.000323316	0.00499	-0.484002	0.00499	-0.000645554
0.005	0.492057	0.005	0.961559	0.005	-0.469179	0.005	0.0202999
0.00501	0.490123	0.00501	0.87971	0.00501	-0.405054	0.00501	0.0402786
0.00502	0.480456	0.00502	0.755648	0.00502	-0.298393	0.00502	0.0563905
0.00503	0.474334	0.00503	0.602907	0.00503	-0.157898	0.00503	0.0683133
0.00504	0.467889	0.00504	0.42922	0.00504	0.00708815	0.00504	0.0776582
0.00505	0.465633	0.00505	0.242322	0.00505	0.187219	0.00505	0.0821696
0.00506	0.464666	0.00506	0.0518792	0.00506	0.374762	0.00506	0.0834585
0.00507	0.466278	0.00507	-0.134696	0.00507	0.561016	0.00507	0.0795917
0.00508	0.467566	0.00508	-0.305482	0.00508	0.735669	0.00508	0.0725024
0.00509	0.470789	0.00509	-0.453067	0.00509	0.891633	0.00509	0.0618686
0.0051	0.477556	0.0051	-0.572295	0.0051	1.02214	0.0051	0.0486568
0.00511	0.483034	0.00511	-0.658332	0.00511	1.12236	0.00511	0.0344784
0.00512	0.49399	0.00512	-0.708601	0.00512	1.18777	0.00512	0.0186887
0.00513	0.501724	0.00513	-0.725357	0.00513	1.21903	0.00513	0.00161011
0.00514	0.511069	0.00514	-0.704089	0.00514	1.21291	0.00514	-0.014824
0.00515	0.518158	0.00515	-0.642542	0.00515	1.17037	0.00515	-0.0290025
0.00516	0.525569	0.00516	-0.555538	0.00516	1.09626	0.00516	-0.041892
0.00517	0.530725	0.00517	-0.446622	0.00517	0.997328	0.00517	-0.0509146
0.00518	0.536526	0.00518	-0.319016	0.00518	0.87971	0.00518	-0.0573594
0.00519	0.54007	0.00519	-0.183677	0.00519	0.749848	0.00519	-0.0605818
0.0052	0.541037	0.0052	-0.0444699	0.0052	0.613541	0.0052	-0.0615485
0.00521	0.540392	0.00521	0.0866809	0.00521	0.477556	0.00521	-0.0599373
0.00522	0.542648	0.00522	0.211065	0.00522	0.349949	0.00522	-0.054137
0.00523	0.536526	0.00523	0.319659	0.00523	0.236522	0.00523	-0.0464033
0.00524	0.533303	0.00524	0.409564	0.00524	0.13985	0.00524	-0.0370584
0.00525	0.527181	0.00525	0.470789	0.00525	0.0676689	0.00525	-0.0264246
0.00526	0.522025	0.00526	0.512035	0.00526	0.0199777	0.00526	-0.0141795
0.00527	0.517191	0.00527	0.517513	0.00527	-0.000645554	0.00527	-0.0019345
0.00528	0.50978	0.00528	0.500113	0.00528	0.00644368	0.00528	0.0103105
0.00529	0.505913	0.00529	0.454677	0.00529	0.0406009	0.00529	0.0212666
0.0053	0.498824	0.0053	0.388618	0.0053	0.0973147	0.0053	0.029967
0.00531	0.49689	0.00531	0.306447	0.00531	0.173685	0.00531	0.0360896
0.00532	0.490768	0.00532	0.210098	0.00532	0.262301	0.00532	0.0409231
0.00533	0.48819	0.00533	0.109882	0.00533	0.359617	0.00533	0.0431788
0.00534	0.486579	0.00534	0.00644368	0.00534	0.460155	0.00534	0.043501
0.00535	0.486579	0.00535	-0.0915166	0.00535	0.559405	0.00535	0.0409231
0.00536	0.48819	0.00536	-0.182388	0.00536	0.651243	0.00536	0.0360896
0.00537	0.491412	0.00537	-0.255213	0.00537	0.73148	0.00537	0.0306115
0.00538	0.495279	0.00538	-0.314183	0.00538	0.796572	0.00538	0.0232
0.00539	0.499468	0.00539	-0.353818	0.00539	0.844586	0.00539	0.0144996
0.0054	0.504302	0.0054	-0.372508	0.0054	0.872621	0.0054	0.00612144
0.00541	0.50978	0.00541	-0.374441	0.00541	0.880032	0.00541	-0.00419017
0.00542	0.513002	0.00542	-0.351562	0.00542	0.867143	0.00542	-0.0122461
0.00543	0.517836	0.00543	-0.311927	0.00543	0.835241	0.00543	-0.0196576
0.00544	0.522025	0.00544	-0.258758	0.00544	0.786905	0.00544	-0.0261023
0.00545	0.52138	0.00545	-0.192055	0.00545	0.726324	0.00545	-0.0306137
0.00546	0.526214	0.00546	-0.118585	0.00546	0.658654	0.00546	-0.0328693
0.00547	0.527825	0.00547	-0.0431809	0.00547	0.585184	0.00547	-0.0335138
0.00548	0.527503	0.00548	0.0290003	0.00548	0.511391	0.00548	-0.0328693
0.00549	0.529114	0.00549	0.0969925	0.00549	0.440498	0.00549	-0.0302914
0.0055	0.526858	0.0055	0.160796	0.0055	0.376695	0.0055	-0.0261023
0.00551	0.522347	0.00551	0.210743	0.00551	0.323204	0.00551	-0.0212688
0.00552	0.520091	0.00552	0.242644	0.00552	0.281957	0.00552	-0.0154685
0.00553	0.518158	0.00553	0.265523	0.00553	0.255211	0.00553	-0.00902374
0.00554	0.512035	0.00554	0.271968	0.00554	0.242966	0.00554	-0.0019345
0.00555	0.511069	0.00555	0.262623	0.00555	0.246511	0.00555	0.00483249
0.00556	0.505913	0.00556	0.235877	0.00556	0.264556	0.00556	0.010955
0.00557	0.504624	0.00557	0.202364	0.00557	0.295491	0.00557	0.0157886
0.00558	0.501402	0.00558	0.154351	0.00558	0.336093	0.00558	0.0199777
0.00559	0.499468	0.00559	0.104082	0.00559	0.385073	0.00559	0.0212666
0.0056	0.496568	0.0056	0.0476901	0.0056	0.438565	0.0056	0.0228778
0.00561	0.500113	0.00561	-0.00644583	0.00561	0.493023	0.00561	0.0225556
0.00562	0.497857	0.00562	-0.0576816	0.00562	0.54587	0.00562	0.0212666
0.00563	0.49979	0.00563	-0.106984	0.00563	0.595495	0.00563	0.0186887
0.00564	0.501724	0.00564	-0.145652	0.00564	0.636742	0.00564	0.0148219
0.00565	0.503979	0.00565	-0.175298	0.00565	0.669932	0.00565	0.010955
0.00566	0.504302	0.00566	-0.193988	0.00566	0.692811	0.00566	0.0057992
0.00567	0.508169	0.00567	-0.196566	0.00567	0.70409	0.00567	0.000643397
0.00568	0.510102	0.00568	-0.192699	0.00568	0.704734	0.00568	-0.00386793
0.00569	0.513324	0.00569	-0.180132	0.00569	0.693456	0.00569	-0.00934597
0.0057	0.516869	0.0057	-0.154997	0.0057	0.672833	0.0057	-0.0128906
0.00571	0.518158	0.00571	-0.12374	0.00571	0.644153	0.00571	-0.0154685
0.00572	0.519769	0.00572	-0.0834606	0.00572	0.608385	0.00572	-0.0180464
0.00573	0.522347	0.00573	-0.0444699	0.00573	0.570038	0.00573	-0.0186909
0.00574	0.522025	0.00574	-0.00451241	0.00574	0.529759	0.00574	-0.0186909
0.00575	0.520091	0.00575	0.0357673	0.00575	0.490123	0.00575	-0.0177242
0.00576	0.519447	0.00576	0.0728247	0.00576	0.453388	0.00576	-0.0154685
0.00577	0.516547	0.00577	0.101504	0.00577	0.421809	0.00577	-0.0132128
0.00578	0.517513	0.00578	0.125027	0.00578	0.396674	0.00578	-0.00966821
0.00579	0.514936	0.00579	0.140495	0.00579	0.378951	0.00579	-0.00580136
0.0058	0.513002	0.0058	0.145006	0.0058	0.369928	0.0058	-0.00225674
0.00581	0.511069	0.00581	0.141139	0.00581	0.369284	0.00581	0.000643397
0.00582	0.508491	0.00582	0.129539	0.00582	0.376695	0.00582	0.00483249
0.00583	0.507524	0.00583	0.111171	0.00583	0.390874	0.00583	0.00773263
0.00584	0.508813	0.00584	0.0892588	0.00584	0.411819	0.00584	0.00934382
0.00585	0.503335	0.00585	0.0615463	0.00585	0.438565	0.00585	0.010955
0.00586	0.506557	0.00586	0.031256	0.00586	0.465955	0.00586	0.012244
0.00587	0.503657	0.00587	0.000965635	0.00587	0.496568	0.00587	0.0119217
0.00588	0.505268	0.00588	-0.027069	0.00588	0.525247	0.00588	0.0115995
0.00589	0.503335	0.00589	-0.0547815	0.00589	0.552637	0.00589	0.00998829
0.0059	0.505268	0.0059	-0.0750825	0.0059	0.575839	0.0059	0.00773263
0.00591	0.508169	0.00591	-0.0931278	0.00591	0.594529	0.00591	0.00612144
0.00592	0.508169	0.00592	-0.101184	0.00592	0.607418	0.00592	0.0032213
0.00593	0.510424	0.00593	-0.103117	0.00593	0.613863	0.00593	-1.08E-06
0.00594	0.511391	0.00594	-0.102795	0.00594	0.614185	0.00594	-0.00257898
0.00595	0.513324	0.00595	-0.094739	0.00595	0.609352	0.00595	-0.00515688
0.00596	0.516869	0.00596	-0.0821717	0.00596	0.598395	0.00596	-0.00709031
0.00597	0.516225	0.00597	-0.0634819	0.00597	0.582606	0.00597	-0.00902374
0.00598	0.514613	0.00598	-0.0454366	0.00598	0.563916	0.00598	-0.00999045
0.00599	0.516869	0.00599	-0.0244911	0.00599	0.542648	0.00599	-0.0109572
0.006	0.51848	0.006	-0.00290122	0.006	0.520091	0.006	-0.0106349
0.00601	0.517836	0.00601	0.019011	0.00601	0.499468	0.00601	-0.00999045
0.00602	0.51558	0.00602	0.0377007	0.00602	0.479167	0.00602	-0.00902374
0.00603	0.51558	0.00603	0.0576795	0.00603	0.462411	0.00603	-0.00773478
0.00604	0.515902	0.00604	0.0670244	0.00604	0.448232	0.00604	-0.0061236
0.00605	0.513647	0.00605	0.0754026	0.00605	0.43921	0.00605	-0.00419017
0.00606	0.513324	0.00606	0.0812029	0.00606	0.434698	0.00606	-0.00161227
0.00607	0.510102	0.00607	0.0734691	0.00607	0.435343	0.00607	0.000965635
0.00608	0.509135	0.00608	0.0708912	0.00608	0.438565	0.00608	0.00257682
0.00609	0.510424	0.00609	0.0580017	0.00609	0.447588	0.00609	0.00354354
0.0061	0.50978	0.0061	0.0470456	0.0061	0.459188	0.0061	0.00515473
0.00611	0.50978	0.00611	0.029967	0.00611	0.474011	0.00611	0.0057992
0.00612	0.505913	0.00612	0.010955	0.00612	0.489479	0.00612	0.00612144
0.00613	0.508813	0.00613	-0.000967792	0.00613	0.505591	0.00613	0.0057992
0.00614	0.508491	0.00614	-0.0190131	0.00614	0.52138	0.00614	0.0057992
0.00615	0.506235	0.00615	-0.0319026	0.00615	0.536526	0.00615	0.00515473
0.00616	0.507524	0.00616	-0.0441476	0.00616	0.547804	0.00616	0.00354354
0.00617	0.509458	0.00617	-0.0522036	0.00617	0.558116	0.00617	0.00193235
0.00618	0.511069	0.00618	-0.0570372	0.00618	0.564238	0.00618	0.000643397
0.00619	0.509135	0.00619	-0.0602595	0.00619	0.567783	0.00619	-0.000323316
0.0062	0.513969	0.0062	-0.0560704	0.0062	0.567138	0.0062	-0.0019345
0.00621	0.514291	0.00621	-0.0522036	0.00621	0.563594	0.00621	-0.00386793
0.00622	0.513324	0.00622	-0.0444699	0.00622	0.556504	0.00622	-0.00515688
0.00623	0.516225	0.00623	-0.0335138	0.00623	0.547804	0.00623	-0.00547912
0.00624	0.514291	0.00624	-0.021591	0.00624	0.537492	0.00624	-0.00580136
0.00625	0.51558	0.00625	-0.00966821	0.00625	0.525569	0.00625	-0.00644583
0.00626	0.514613	0.00626	0.00128787	0.00626	0.513324	0.00626	-0.0061236
0.00627	0.511391	0.00627	0.0138551	0.00627	0.501724	0.00627	-0.00580136
0.00628	0.516225	0.00628	0.0225556	0.00628	0.491412	0.00628	-0.00515688
0.00629	0.515902	0.00629	0.0335117	0.00629	0.482067	0.00629	-0.00451241
0.0063	0.513647	0.0063	0.0377007	0.0063	0.475622	0.0063	-0.00322346
0.00631	0.513647	0.00631	0.0409231	0.00631	0.471756	0.00631	-0.0019345
0.00632	0.511713	0.00632	0.0418898	0.00632	0.4695	0.00632	-0.000645554
0.00633	0.511069	0.00633	0.0370563	0.00633	0.470144	0.00633	-0.000323316
0.00634	0.510746	0.00634	0.0348006	0.00634	0.473367	0.00634	0.000965635
0.00635	0.512358	0.00635	0.0283558	0.00635	0.479167	0.00635	0.00193235
0.00636	0.511069	0.00636	0.0228778	0.00636	0.485612	0.00636	0.00225459
0.00637	0.511391	0.00637	0.0125662	0.00637	0.49399	0.00637	0.00289906
0.00638	0.510424	0.00638	0.00354354	0.00638	0.502046	0.00638	0.00289906
0.00639	0.510424	0.00639	-0.00644583	0.00639	0.511391	0.00639	0.00225459
0.0064	0.511391	0.0064	-0.0141795	0.0064	0.520091	0.0064	0.00225459
0.00641	0.509458	0.00641	-0.0222355	0.00641	0.527825	0.00641	0.00128787
0.00642	0.508491	0.00642	-0.0261023	0.00642	0.533625	0.00642	0.000643397
0.00643	0.510746	0.00643	-0.0293247	0.00643	0.538781	0.00643	0.000321159
0.00644	0.513647	0.00644	-0.0309359	0.00644	0.541681	0.00644	-0.000645554
0.00645	0.510746	0.00645	-0.0312581	0.00645	0.542004	0.00645	-0.000967792
0.00646	0.51268	0.00646	-0.0309359	0.00646	0.541359	0.00646	-0.0019345
0.00647	0.51268	0.00647	-0.0264246	0.00647	0.539103	0.00647	-0.00290122
0.00648	0.513002	0.00648	-0.0222355	0.00648	0.53427	0.00648	-0.00290122
0.00649	0.51268	0.00649	-0.016113	0.00649	0.529114	0.00649	-0.00419017
0.0065	0.51558	0.0065	-0.0112794	0.0065	0.522992	0.0065	-0.00322346
0.00651	0.511713	0.00651	-0.00451241	0.00651	0.516547	0.00651	-0.00386793
0.00652	0.513647	0.00652	0.0057992	0.00652	0.50978	0.00652	-0.00386793
0.00653	0.511713	0.00653	0.0083771	0.00653	0.503657	0.00653	-0.00386793
0.00654	0.51558	0.00654	0.0119217	0.00654	0.498179	0.00654	-0.00290122
0.00655	0.51268	0.00655	0.0170775	0.00655	0.49399	0.00655	-0.00290122
0.00656	0.511391	0.00656	0.0206221	0.00656	0.490123	0.00656	-0.00225674
0.00657	0.511713	0.00657	0.0232	0.00657	0.489156	0.00657	-0.00129003
0.00658	0.513969	0.00658	0.0232	0.00658	0.488512	0.00658	-0.000645554
0.00659	0.512035	0.00659	0.0206221	0.00659	0.489156	0.00659	-0.000323316
0.0066	0.510102	0.0066	0.0180442	0.0066	0.49109	0.0066	0.000321159
0.00661	0.51268	0.00661	0.0132107	0.00661	0.494635	0.00661	0.00128787
0.00662	0.508813	0.00662	0.012244	0.00662	0.499146	0.00662	0.000965635
0.00663	0.510424	0.00663	0.0057992	0.00663	0.503657	0.00663	0.00128787
0.00664	0.512035	0.00664	-0.000323316	0.00664	0.507846	0.00664	0.000643397
0.00665	0.510746	0.00665	-0.00515688	0.00665	0.513324	0.00665	0.000321159
0.00666	0.508813	0.00666	-0.00966821	0.00666	0.518158	0.00666	0.000965635
0.00667	0.510424	0.00667	-0.0125684	0.00667	0.522025	0.00667	0.000321159
0.00668	0.510424	0.00668	-0.0145018	0.00668	0.525892	0.00668	-1.08E-06
0.00669	0.511713	0.00669	-0.016113	0.00669	0.527181	0.00669	-0.000323316
0.0067	0.509458	0.0067	-0.0186909	0.0067	0.52847	0.0067	-0.00129003
0.00671	0.510424	0.00671	-0.0177242	0.00671	0.52847	0.00671	-0.000645554
0.00672	0.511713	0.00672	-0.0141795	0.00672	0.526858	0.00672	-0.00161227
0.00673	0.513324	0.00673	-0.0141795	0.00673	0.525892	0.00673	-0.00225674
0.00674	0.512035	0.00674	-0.0106349	0.00674	0.522669	0.00674	-0.00225674
0.00675	0.512035	0.00675	-0.0087015	0.00675	0.519769	0.00675	-0.00225674
0.00676	0.51268	0.00676	-0.00547912	0.00676	0.515902	0.00676	-0.00225674
0.00677	0.511069	0.00677	-0.000967792	0.00677	0.512035	0.00677	-0.00257898
0.00678	0.511713	0.00678	0.000643397	0.00678	0.508491	0.00678	-0.00322346
0.00679	0.512035	0.00679	0.00708815	0.00679	0.505268	0.00679	-0.00257898
0.0068	0.513002	0.0068	0.00902158	0.0068	0.502046	0.0068	-0.0019345
0.00681	0.512035	0.00681	0.0119217	0.00681	0.500435	0.00681	-0.0019345
0.00682	0.511391	0.00682	0.010955	0.00682	0.498824	0.00682	-0.00129003
0.00683	0.512358	0.00683	0.0112772	0.00683	0.498501	0.00683	-0.000645554
0.00684	0.509135	0.00684	0.0144996	0.00684	0.498179	0.00684	-0.000967792
0.00685	0.513969	0.00685	0.0106328	0.00685	0.499146	0.00685	-1.08E-06
0.00686	0.511391	0.00686	0.00741039	0.00686	0.501079	0.00686	-1.08E-06
0.00687	0.510102	0.00687	0.00644368	0.00687	0.503657	0.00687	0.000321159
0.00688	0.507846	0.00688	0.00386577	0.00688	0.505268	0.00688	-0.000323316
0.00689	0.512035	0.00689	0.00225459	0.00689	0.508491	0.00689	0.000643397
0.0069	0.509458	0.0069	-0.000967792	0.0069	0.511069	0.0069	-1.08E-06
0.00691	0.512035	0.00691	-0.00354569	0.00691	0.514291	0.00691	-1.08E-06
0.00692	0.510746	0.00692	-0.0087015	0.00692	0.516225	0.00692	-0.000323316
0.00693	0.511391	0.00693	-0.00741255	0.00693	0.51848	0.00693	-0.000645554
0.00694	0.511391	0.00694	-0.00934597	0.00694	0.519769	0.00694	-1.08E-06
0.00695	0.511069	0.00695	-0.0125684	0.00695	0.521058	0.00695	-0.000323316
0.00696	0.513647	0.00696	-0.0109572	0.00696	0.520414	0.00696	-0.000967792
0.00697	0.512358	0.00697	-0.0103127	0.00697	0.520414	0.00697	-0.00161227
0.00698	0.511391	0.00698	-0.00741255	0.00698	0.519447	0.00698	-0.0019345
0.00699	0.51268	0.00699	-0.00676807	0.00699	0.519125	0.00699	-0.00161227
0.007	0.513647	0.007	-0.00676807	0.007	0.516225	0.007	-0.00257898
0.00701	0.511391	0.00701	-0.00354569	0.00701	0.514613	0.00701	-0.00161227
0.00702	0.513647	0.00702	-1.08E-06	0.00702	0.512358	0.00702	-0.00161227
0.00703	0.513324	0.00703	0.00161011	0.00703	0.510424	0.00703	-0.00161227
0.00704	0.511391	0.00704	0.00451025	0.00704	0.508491	0.00704	-0.00129003
0.00705	0.51268	0.00705	0.00386577	0.00705	0.507202	0.00705	-0.00161227
0.00706	0.512358	0.00706	0.0032213	0.00706	0.505913	0.00706	-0.00129003
0.00707	0.510746	0.00707	0.0057992	0.00707	0.504946	0.00707	-0.00129003
0.00708	0.512035	0.00708	0.00483249	0.00708	0.504302	0.00708	-0.000967792
0.00709	0.51268	0.00709	0.00612144	0.00709	0.504624	0.00709	-0.000967792
0.0071	0.511391	0.0071	0.0032213	0.0071	0.504624	0.0071	-0.000645554
0.00711	0.510424	0.00711	0.00612144	0.00711	0.505591	0.00711	-0.000645554
0.00712	0.509458	0.00712	0.00257682	0.00712	0.506235	0.00712	-0.000323316
0.00713	0.510102	0.00713	0.000321159	0.00713	0.507846	0.00713	-0.000645554
0.00714	0.509135	0.00714	0.00128787	0.00714	0.509458	0.00714	-1.08E-06
0.00715	0.512035	0.00715	-0.00161227	0.00715	0.510746	0.00715	-1.08E-06
0.00716	0.508813	0.00716	-0.00483464	0.00716	0.512035	0.00716	-0.000645554
0.00717	0.512358	0.00717	-0.00451241	0.00717	0.513647	0.00717	-0.000645554
0.00718	0.51268	0.00718	-0.00451241	0.00718	0.514291	0.00718	-0.000645554
0.00719	0.510746	0.00719	-0.00547912	0.00719	0.515902	0.00719	-0.000967792
0.0072	0.510746	0.0072	-0.00741255	0.0072	0.516225	0.0072	-0.000645554
0.00721	0.514613	0.00721	-0.00676807	0.00721	0.516547	0.00721	-0.000967792
0.00722	0.514291	0.00722	-0.00547912	0.00722	0.516869	0.00722	-0.000967792
0.00723	0.511391	0.00723	-0.00483464	0.00723	0.516547	0.00723	-0.000967792
0.00724	0.508491	0.00724	-0.00547912	0.00724	0.51558	0.00724	-0.00129003
0.00725	0.511069	0.00725	-0.00290122	0.00725	0.514613	0.00725	-0.000967792
0.00726	0.513647	0.00726	-0.0019345	0.00726	0.513324	0.00726	-0.00161227
0.00727	0.511713	0.00727	-0.00257898	0.00727	0.51268	0.00727	-0.00161227
0.00728	0.513647	0.00728	-1.08E-06	0.00728	0.511391	0.00728	-0.000967792
0.00729	0.512358	0.00729	0.000643397	0.00729	0.510424	0.00729	-0.00129003
0.0073	0.512358	0.0073	0.00225459	0.0073	0.508813	0.0073	-0.00161227
0.00731	0.510102	0.00731	0.0032213	0.00731	0.508813	0.00731	-0.00129003
0.00732	0.50978	0.00732	0.00193235	0.00732	0.508169	0.00732	-0.000967792
0.00733	0.512358	0.00733	0.00289906	0.00733	0.507524	0.00733	-0.00161227
0.00734	0.510746	0.00734	0.00289906	0.00734	0.50688	0.00734	-0.00161227
0.00735	0.50978	0.00735	0.00451025	0.00735	0.50688	0.00735	-0.000645554
0.00736	0.510746	0.00736	0.00225459	0.00736	0.507846	0.00736	-0.000645554
0.00737	0.512358	0.00737	0.00418801	0.00737	0.508491	0.00737	-0.000967792
0.00738	0.512358	0.00738	0.00354354	0.00738	0.508491	0.00738	-0.000645554
0.00739	0.510746	0.00739	0.000321159	0.00739	0.50978	0.00739	-0.000323316
0.0074	0.511069	0.0074	0.000321159	0.0074	0.510424	0.0074	-0.000645554
0.00741	0.513324	0.00741	-0.000645554	0.00741	0.511391	0.00741	-0.00129003
0.00742	0.514613	0.00742	-0.000645554	0.00742	0.511713	0.00742	-0.000967792
0.00743	0.511391	0.00743	-0.000323316	0.00743	0.513324	0.00743	-0.000323316
0.00744	0.513002	0.00744	-0.00419017	0.00744	0.513647	0.00744	-0.000967792
0.00745	0.513324	0.00745	-0.00419017	0.00745	0.513969	0.00745	-0.000645554
0.00746	0.511713	0.00746	-0.00547912	0.00746	0.513969	0.00746	-0.000967792
0.00747	0.514291	0.00747	-0.00483464	0.00747	0.513969	0.00747	-0.000967792
0.00748	0.50978	0.00748	-0.00354569	0.00748	0.513647	0.00748	-0.000645554
0.00749	0.510102	0.00749	-0.00419017	0.00749	0.513647	0.00749	-0.00129003
0.0075	0.481745	0.0075	-0.976379	0.0075	0.502368	0.0075	-0.0196576
0.00751	-0.466923	0.00751	-0.900654	0.00751	0.445332	0.00751	-0.040603
0.00752	-0.457578	0.00752	-0.782071	0.00752	0.344471	0.00752	-0.0567149
0.00753	-0.448556	0.00753	-0.632231	0.00753	0.208809	0.00753	-0.0699267
0.00754	-0.4434	0.00754	-0.460156	0.00754	0.0467234	0.00754	-0.0786271
0.00755	-0.438244	0.00755	-0.273259	0.00755	-0.131152	0.00755	-0.0844274
0.00756	-0.437599	0.00756	-0.0857163	0.00756	-0.317405	0.00756	-0.0853941
0.00757	-0.438244	0.00757	0.101182	0.00757	-0.504303	0.00757	-0.0831384
0.00758	-0.440822	0.00758	0.277446	0.00758	-0.682177	0.00758	-0.0760492
0.00759	-0.446622	0.00759	0.427609	0.00759	-0.84104	0.00759	-0.0660598
0.0076	-0.448878	0.0076	0.551349	0.0076	-0.976379	0.0076	-0.0538148
0.00761	-0.456611	0.00761	0.646409	0.00761	-1.08111	0.00761	-0.0396363
0.00762	-0.461767	0.00762	0.701834	0.00762	-1.15361	0.00762	-0.0238467
0.00763	-0.47369	0.00763	0.72278	0.00763	-1.19067	0.00763	-0.00676807
0.00764	-0.481424	0.00764	0.70989	0.00764	-1.19067	0.00764	0.00966605
0.00765	-0.490769	0.00765	0.657043	0.00765	-1.15361	0.00765	0.0248112
0.00766	-0.496247	0.00766	0.571972	0.00766	-1.08433	0.00766	0.0373785
0.00767	-0.50398	0.00767	0.463377	0.00767	-0.988946	0.00767	0.0470456
0.00768	-0.509136	0.00768	0.34286	0.00768	-0.873586	0.00768	0.0541349
0.00769	-0.510103	0.00769	0.207198	0.00769	-0.744369	0.00769	0.0580017
0.0077	-0.514614	0.0077	0.0673466	0.0077	-0.608063	0.0077	0.0592907
0.00771	-0.513325	0.00771	-0.0692822	0.00771	-0.47079	0.00771	0.0576795
0.00772	-0.51397	0.00772	-0.199144	0.00772	-0.340928	0.00772	0.0525237
0.00773	-0.509781	0.00773	-0.310316	0.00773	-0.223634	0.00773	0.0457567
0.00774	-0.504947	0.00774	-0.402476	0.00774	-0.124063	0.00774	0.0364118
0.00775	-0.50108	0.00775	-0.470145	0.00775	-0.0470478	0.00775	0.0257779
0.00776	-0.493346	0.00776	-0.509458	0.00776	0.00515473	0.00776	0.0135329
0.00777	-0.490446	0.00777	-0.524926	0.00777	0.0293226	0.00777	0.00128787
0.00778	-0.481746	0.00778	-0.510103	0.00778	0.0267447	0.00778	-0.0109572
0.00779	-0.475301	0.00779	-0.466279	0.00779	-0.00354569	0.00779	-0.0222355
0.0078	-0.469179	0.0078	-0.403442	0.0078	-0.0580039	0.0078	-0.0312581
0.00781	-0.464023	0.00781	-0.320627	0.00781	-0.131474	0.00781	-0.0386696
0.00782	-0.460801	0.00782	-0.227823	0.00782	-0.2188	0.00782	-0.0428587
0.00783	-0.459189	0.00783	-0.125352	0.00783	-0.314827	0.00783	-0.0454366
0.00784	-0.460478	0.00784	-0.0244911	0.00784	-0.415365	0.00784	-0.0464033
0.00785	-0.458867	0.00785	0.0741136	0.00785	-0.514614	0.00785	-0.0441476
0.00786	-0.462412	0.00786	0.163051	0.00786	-0.608063	0.00786	-0.0402808
0.00787	-0.463378	0.00787	0.240711	0.00787	-0.690878	0.00787	-0.0344805
0.00788	-0.46499	0.00788	0.304836	0.00788	-0.75887	0.00788	-0.0267468
0.00789	-0.468856	0.00789	0.347372	0.00789	-0.809139	0.00789	-0.0190131
0.0079	-0.474012	0.0079	0.369606	0.0079	-0.840395	0.0079	-0.00966821
0.00791	-0.476912	0.00791	0.372506	0.00791	-0.851674	0.00791	-0.000645554
0.00792	-0.484324	0.00792	0.353172	0.00792	-0.842651	0.00792	0.00869934
0.00793	-0.488513	0.00793	0.316759	0.00793	-0.81365	0.00793	0.016433
0.00794	-0.492058	0.00794	0.265845	0.00794	-0.768214	0.00794	0.0225556
0.00795	-0.494635	0.00795	0.202687	0.00795	-0.70989	0.00795	0.0270669
0.00796	-0.494958	0.00796	0.129216	0.00796	-0.642864	0.00796	0.029967
0.00797	-0.497536	0.00797	0.0551016	0.00797	-0.569717	0.00797	0.0315782
0.00798	-0.500436	0.00798	-0.0212688	0.00798	-0.494635	0.00798	0.0306115
0.00799	-0.500758	0.00799	-0.0882942	0.00799	-0.423421	0.00799	0.0286781
